
# Coordinates are 1-relative (Genome browser and wig files)
0 = BACK
1 = UPH
2 = TOPH
3 = DOWNH
4 = UPD
5 = TOPD
6 = DOWND
7 = FP

28001 00000 00000 00000 00000 28020
28021 00000 00000 00000 00000 28040
28041 00000 00000 00000 00000 28060
28061 00000 00000 00000 00000 28080
28081 00000 00000 00000 00000 28100

28101 00000 00000 00000 00000 28120
28121 00000 00000 00000 00000 28140
28141 00000 00000 00000 00000 28160
28161 00000 00000 00000 00000 28180
28181 00000 00000 00000 00000 28200

28201 00000 00000 00000 00000 28220
28221 00000 00000 00000 00000 28240
28241 00000 00000 00000 00000 28260
28261 00000 00000 00000 00000 28280
28281 00000 00000 00000 00000 28300

28301 00000 00000 00000 00000 28320
28321 00000 00000 00000 00000 28340
28341 00000 00000 00000 00000 28360
28361 00000 00000 00000 00000 28380
28381 00000 00000 00000 00000 28400

28401 00000 00000 00000 00000 28420
28421 00000 00000 00000 00000 28440
28441 00000 00000 00000 00000 28460
28461 00000 00000 00000 00000 28480
28481 00000 00000 00000 00000 28500

28501 00000 00000 00000 00000 28520
28521 00000 00000 00000 00000 28540
28541 00000 00000 00000 00000 28560
28561 00000 00000 00000 00000 28580
28581 00000 00000 00000 00000 28600

28601 00000 00000 00000 00000 28620
28621 00000 00000 00000 00000 28640
28641 00000 00000 00000 00000 28660
28661 00000 00000 00000 00000 28680
28681 00000 00000 00000 00000 28700

28701 00000 00000 00000 00000 28720
28721 00000 00000 00000 00000 28740
28741 00000 00000 00000 00000 28760
28761 00000 00000 00000 00000 28780
28781 00000 00000 00000 00000 28800

28801 00000 00000 00000 00000 28820
28821 00000 00000 00000 00000 28840
28841 00000 00000 00000 00000 28860
28861 00000 00000 00000 00000 28880
28881 00000 00000 00000 00000 28900

28901 00000 00000 00000 00000 28920
28921 00000 00000 00000 00000 28940
28941 00000 00000 00000 00000 28960
28961 00000 00000 00000 00000 28980
28981 00000 00000 00000 00000 29000

29001 00000 00000 00000 00000 29020
29021 00000 00000 00000 00000 29040
29041 00000 00000 00000 00000 29060
29061 00000 00000 00000 00000 29080
29081 00000 00000 00000 00000 29100

29101 00000 00000 00000 00000 29120
29121 00000 00000 00000 00000 29140
29141 00000 00000 00000 00000 29160
29161 00000 00000 00000 00000 29180
29181 00000 00000 00000 00000 29200

29201 00000 00000 00000 00000 29220
29221 00000 00000 00000 00000 29240
29241 00000 00000 00000 00000 29260
29261 00000 00000 00000 00000 29280
29281 00000 00000 00000 00000 29300

29301 00000 00000 00000 00000 29320
29321 00000 00000 00000 00000 29340
29341 00000 00000 00000 00000 29360
29361 00000 00000 00000 00000 29380
29381 00000 00000 00000 00000 29400

29401 00000 00000 00000 00000 29420
29421 00000 00000 00000 00000 29440
29441 00000 00000 00000 00000 29460
29461 00000 00000 00000 00000 29480
29481 00000 00000 00000 00000 29500

29501 00000 00000 00000 00000 29520
29521 00000 00000 00000 00000 29540
29541 00000 00000 00000 00000 29560
29561 00000 00000 00000 00000 29580
29581 00000 00000 00000 00000 29600

29601 00000 00000 00000 00000 29620
29621 00000 00000 00000 00000 29640
29641 00000 00000 00000 00000 29660
29661 00000 00000 00000 00000 29680
29681 00000 00000 00000 00000 29700

29701 00000 00000 00000 00000 29720
29721 00000 00000 00000 00000 29740
29741 00000 00000 00000 00000 29760
29761 00000 00000 00000 00000 29780
29781 00000 00000 00000 00000 29800

29801 00000 00000 00000 00000 29820
29821 00000 00000 00000 00000 29840
29841 00000 00000 00000 00000 29860
29861 00000 00000 00000 00000 29880
29881 00000 00000 00000 00000 29900

29901 00000 00000 00000 00000 29920
29921 00000 00000 00000 00000 29940
29941 00000 00000 00000 00000 29960
29961 00000 00000 00000 00000 29980
29981 00000 00000 00000 00000 30000

30001 11111 11111 11111 11111 30020
30021 11111 11111 11111 11111 30040
30041 22222 22222 22222 22222 30060
30061 22222 22222 22222 22222 30080
30081 22222 22222 22222 22222 30100

30101 22222 22222 22222 22222 30120
30121 22222 22222 22222 22222 30140
30141 33333 33333 33333 33333 30160
30161 33333 33333 33333 33333 30180
30181 33333 33333 33333 33333 30200

30201 33333 33333 33300 00000 30220
30221 00000 00000 00000 00000 30240
30241 00000 00000 00000 00000 30260
30261 00000 00000 00000 00000 30280
30281 00000 00000 00000 00000 30300

30301 00000 00000 00000 00000 30320
30321 00000 00000 00000 00000 30340
30341 00000 00000 11111 11111 30360
30361 11111 11111 11111 11111 30380
30381 11111 11111 11111 11111 30400

30401 11111 11111 11111 11111 30420
30421 11111 11111 11111 11111 30440
30441 11111 11111 11111 11111 30460
30461 11111 11111 11111 11112 30480
30481 22222 22222 22222 22222 30500

30501 22222 22222 22222 22222 30520
30521 22222 22222 22222 22222 30540
30541 22222 22222 22222 22222 30560
30561 22222 22222 22222 22222 30580
30581 22222 22222 22222 22222 30600

30601 22222 22222 22222 33333 30620
30621 33333 33333 33333 33333 30640
30641 33333 33333 33333 33333 30660
30661 33333 33333 33333 33333 30680
30681 33333 33333 33333 33333 30700

30701 33333 33333 33333 33333 30720
30721 33333 33333 33333 33333 30740
30741 30000 00000 00000 00000 30760
30761 00000 00000 00000 00000 30780
30781 00000 00000 00000 00000 30800

30801 11111 11111 11111 11111 30820
30821 11111 11111 11111 11111 30840
30841 11111 11111 11111 11111 30860
30861 11111 11111 11111 11111 30880
30881 11111 11111 11111 11111 30900

30901 11111 11111 11111 22222 30920
30921 22222 22222 22222 22222 30940
30941 22222 22222 22222 22222 30960
30961 22222 22222 22222 22222 30980
30981 22222 22222 22222 22222 31000

31001 22222 22222 22222 22222 31020
31021 22222 22222 22222 22222 31040
31041 22222 22233 33333 33333 31060
31061 33333 33333 33333 33333 31080
31081 33333 33333 33333 33333 31100

31101 33333 33333 33333 00000 31120
31121 00000 00000 00000 00000 31140
31141 00000 00000 00000 00000 31160
31161 00000 00000 00000 00000 31180
31181 00000 00000 00000 00000 31200

31201 00000 00000 00000 00000 31220
31221 00000 00000 00000 00000 31240
31241 00000 00000 11111 11111 31260
31261 11111 11111 11111 11111 31280
31281 11111 11111 11111 11111 31300

31301 11111 11111 11111 11111 31320
31321 11111 11111 11111 11122 31340
31341 22222 22222 22222 22222 31360
31361 22222 22222 22222 22222 31380
31381 22222 22222 22222 22222 31400

31401 22222 22222 22222 22222 31420
31421 22222 22222 22222 22222 31440
31441 22222 22222 22222 22222 31460
31461 22222 22222 22222 22333 31480
31481 33333 33333 33333 33333 31500

31501 33333 33333 33333 33333 31520
31521 33333 33333 33333 33333 31540
31541 33333 33333 33333 33333 31560
31561 00000 00000 00000 00000 31580
31581 00000 00000 00000 00000 31600

31601 00000 00000 00000 00000 31620
31621 00000 00000 00000 00000 31640
31641 00000 00000 00000 00000 31660
31661 00000 00000 00000 00000 31680
31681 00000 00000 00000 00000 31700

31701 00000 00000 00000 00001 31720
31721 23445 55555 55555 66677 31740
31741 77777 77777 44555 56677 31760
31761 77445 55566 77777 77777 31780
31781 77777 44455 55555 55555 31800

31801 55555 55566 67777 77777 31820
31821 77777 77455 55556 67777 31840
31841 77777 77777 77777 77777 31860
31861 77777 77774 45555 56612 31880
31881 33333 33333 33333 33333 31900

31901 33333 33333 33333 33333 31920
31921 33333 33333 33333 33333 31940
31941 33333 33333 33333 33333 31960
31961 33333 33333 33333 33333 31980
31981 33333 33333 33333 33333 32000

32001 33333 33333 33333 33333 32020
32021 33333 33333 33333 33333 32040
32041 33333 33333 33333 33333 32060
32061 33333 44555 55667 77777 32080
32081 77777 77777 77777 77777 32100

32101 77777 77777 77777 77777 32120
32121 77777 77777 77777 77777 32140
32141 77777 77777 77777 77777 32160
32161 77744 55555 66777 77777 32180
32181 77777 77777 77777 77777 32200

32201 74445 55555 55555 55667 32220
32221 77777 77777 77777 77777 32240
32241 77777 77777 77777 77777 32260
32261 77777 77777 77777 77774 32280
32281 55555 55677 77777 77444 32300

32301 55556 67777 77777 74445 32320
32321 55566 77777 77777 74445 32340
32341 55567 77777 77744 55555 32360
32361 56777 77777 77777 77777 32380
32381 77777 44555 56677 44455 32400

32401 56667 44445 55667 77777 32420
32421 77777 77444 55566 67777 32440
32441 77777 74455 55667 77777 32460
32461 77444 55556 67777 74445 32480
32481 55666 77777 77777 77777 32500

32501 77777 77777 77744 44455 32520
32521 66777 77777 77744 45556 32540
32541 66777 77777 74445 55666 32560
32561 77777 77777 77444 45566 32580
32581 67744 55555 66666 77777 32600

32601 77777 77777 77777 77777 32620
32621 77777 77777 77777 77444 32640
32641 45566 67777 77777 77777 32660
32661 44555 55677 77777 77777 32680
32681 77777 77777 74455 55555 32700

32701 55566 66777 77777 44555 32720
32721 55555 66777 77777 77777 32740
32741 77777 77774 44555 56666 32760
32761 77777 77777 77777 77777 32780
32781 77777 74455 55566 77777 32800

32801 77777 74455 55567 77777 32820
32821 77777 77777 77774 45555 32840
32841 56777 77777 77777 77777 32860
32861 77777 77777 77777 77777 32880
32881 77777 44455 55567 74455 32900

32901 55555 55566 77777 77777 32920
32921 77444 55566 66777 77777 32940
32941 77777 77744 45555 66777 32960
32961 77777 77777 77777 77777 32980
32981 77777 77777 77744 55555 33000

33001 66777 77777 77777 44455 33020
33021 55555 55666 67744 55555 33040
33041 55555 55555 56777 77777 33060
33061 77774 44555 55677 77777 33080
33081 77777 77777 77777 77777 33100

33101 77744 45555 67777 77777 33120
33121 77777 77744 44455 56666 33140
33141 77777 77777 44444 55555 33160
33161 66677 77777 77777 77745 33180
33181 55667 77777 77777 77777 33200

33201 77777 77777 77777 77777 33220
33221 77777 77774 45555 66677 33240
33241 77777 77777 77777 77777 33260
33261 77777 77777 77777 77445 33280
33281 55556 67777 77777 77777 33300

33301 77777 77445 55556 61230 33320
33321 00000 00000 00000 00000 33340
33341 00000 00000 00000 00000 33360
33361 00000 00000 00000 00000 33380
33381 00000 00000 00000 00000 33400

33401 00000 00000 00000 00000 33420
33421 00000 00000 00000 00000 33440
33441 00000 00000 00000 00000 33460
33461 00000 00000 00000 00000 33480
33481 00000 00000 00000 00000 33500

33501 00000 00000 00000 00000 33520
33521 00000 00000 00000 00000 33540
33541 00000 00000 00000 00000 33560
33561 00000 00000 00000 00000 33580
33581 00000 00000 00000 00000 33600

33601 00000 00000 00000 00000 33620
33621 00000 00000 00000 00000 33640
33641 00000 00000 00000 00000 33660
33661 00000 00000 00000 00000 33680
33681 00000 00000 00000 00000 33700

33701 00000 00000 00000 00000 33720
33721 00000 00000 00000 00000 33740
33741 11111 11111 11111 11111 33760
33761 11111 11111 11111 11111 33780
33781 11111 11111 11111 11111 33800

33801 11111 12222 22222 22222 33820
33821 22222 22222 22222 22222 33840
33841 22222 22222 22222 33333 33860
33861 33333 33333 33333 33333 33880
33881 33333 33333 33333 33333 33900

33901 33333 33333 33333 33333 33920
33921 33333 33333 33333 33333 33940
33941 33333 33333 00000 00000 33960
33961 00000 00000 00000 00000 33980
33981 00000 00000 00000 00000 34000

34001 00000 00000 00000 00000 34020
34021 00000 00000 00000 00000 34040
34041 00000 00000 00000 00000 34060
34061 00000 00000 00000 00123 34080
34081 44444 45555 66677 77777 34100

34101 77777 77777 77777 77777 34120
34121 77777 77777 77777 77777 34140
34141 77777 77777 77774 55555 34160
34161 56677 77777 77777 77777 34180
34181 77777 77777 77777 77777 34200

34201 77774 45555 56677 74455 34220
34221 55556 77777 77777 77777 34240
34241 77444 55556 67777 77777 34260
34261 77777 77444 45556 67777 34280
34281 77777 77777 77744 45555 34300

34301 55555 55677 77777 77774 34320
34321 44555 56677 74445 55666 34340
34341 67777 77777 77774 44555 34360
34361 56612 22222 22222 22222 34380
34381 22222 22222 22222 22222 34400

34401 22222 22222 22222 22222 34420
34421 22222 22222 22222 22222 34440
34441 22222 22222 22222 22222 34460
34461 22222 22222 22222 22222 34480
34481 22222 22223 00000 00000 34500

34501 00000 00000 00000 00000 34520
34521 00000 00000 00000 00000 34540
34541 00000 00000 00000 00000 34560
34561 00000 00000 00011 11111 34580
34581 11111 11111 11111 11111 34600

34601 11111 11111 11111 11111 34620
34621 11111 11111 11111 11111 34640
34641 11111 11111 11111 11111 34660
34661 11111 12222 22222 22222 34680
34681 22222 22222 22222 22222 34700

34701 22222 22222 22222 22222 34720
34721 22222 22222 22222 22222 34740
34741 22222 22222 22222 22222 34760
34761 22222 22222 22222 22222 34780
34781 22222 22222 33333 33333 34800

34801 33333 33333 33333 33333 34820
34821 33333 33333 33333 33333 34840
34841 33333 33333 33333 33333 34860
34861 33333 33333 33333 33333 34880
34881 33333 33333 33333 33333 34900

34901 00000 00000 00000 00000 34920
34921 00000 00000 00000 00000 34940
34941 00000 00000 00000 00000 34960
34961 00000 00000 00000 00000 34980
34981 00000 00000 00000 00000 35000

35001 00000 00000 00000 00000 35020
35021 00000 00000 00000 00000 35040
35041 00000 00000 00000 00000 35060
35061 00000 00000 00000 00000 35080
35081 00000 00000 00000 00000 35100

35101 00000 00000 00000 00000 35120
35121 00000 00000 00000 00000 35140
35141 00000 00000 00000 00000 35160
35161 00000 00000 00000 00000 35180
35181 00000 00000 00000 00000 35200

35201 00000 00000 00000 00000 35220
35221 00000 00000 00000 00000 35240
35241 00000 00000 00000 00000 35260
35261 00000 00000 00000 00000 35280
35281 00000 00000 00000 00000 35300

35301 00000 00000 00000 00000 35320
35321 00000 00000 00000 00000 35340
35341 00000 00000 00000 00000 35360
35361 00000 00000 00000 00000 35380
35381 00000 00000 00000 00000 35400

35401 00000 00000 00000 00000 35420
35421 00000 00000 00000 00000 35440
35441 00000 00000 00000 00000 35460
35461 00000 00000 00000 00000 35480
35481 00000 00000 00000 00000 35500

35501 00000 00000 00000 00000 35520
35521 00000 00000 00000 00000 35540
35541 00000 00000 00000 00000 35560
35561 00000 00000 00000 00000 35580
35581 00000 00000 00000 00000 35600

35601 00000 00000 00000 00000 35620
35621 00000 00000 00000 00000 35640
35641 00000 00000 00000 00000 35660
35661 00000 00000 00000 00000 35680
35681 00000 00000 00000 00000 35700

35701 00000 00000 00000 00000 35720
35721 00000 00000 00000 00000 35740
35741 00000 00000 00000 00000 35760
35761 00000 00000 00000 00000 35780
35781 00000 00000 00000 00000 35800

35801 00000 00000 00000 00000 35820
35821 00000 00000 00000 00000 35840
35841 00000 00000 00000 00000 35860
35861 00000 00000 00000 00000 35880
35881 00000 00000 00000 00000 35900

35901 00000 00000 00000 00000 35920
35921 00000 00000 00000 00000 35940
35941 00000 00000 00000 00000 35960
35961 00000 00000 00000 00000 35980
35981 00000 00000 00000 00000 36000

36001 00000 00000 00000 00000 36020
36021 00000 00000 00000 00000 36040
36041 00000 00000 00000 00000 36060
36061 00000 00000 00000 00000 36080
36081 00000 00000 00000 00000 36100

36101 00000 00000 00000 00000 36120
36121 00000 00000 00000 00000 36140
36141 00000 00000 00000 00000 36160
36161 00000 00000 00000 00000 36180
36181 00000 00000 00000 00000 36200

36201 00000 00000 00000 00000 36220
36221 00000 00000 00000 00000 36240
36241 00000 00000 00000 00000 36260
36261 00000 00000 00000 00000 36280
36281 00000 00000 00000 00000 36300

36301 00000 00000 00000 00000 36320
36321 00000 00000 00000 00000 36340
36341 00000 00000 00000 00000 36360
36361 00000 00000 00000 00000 36380
36381 00000 00000 00000 00000 36400

36401 00000 00000 00000 00000 36420
36421 00000 00000 00000 00000 36440
36441 00000 00000 00000 00000 36460
36461 00000 00000 00000 00000 36480
36481 00000 00000 00000 00000 36500

36501 00000 00000 00000 00000 36520
36521 00000 00000 00000 00000 36540
36541 00000 00000 00000 00000 36560
36561 00000 00000 00000 00000 36580
36581 00000 00000 00000 00000 36600

36601 00000 00000 00000 00000 36620
36621 00000 00000 00000 00000 36640
36641 00000 00000 00000 00000 36660
36661 00000 00000 00000 00000 36680
36681 00000 00000 00000 00000 36700

36701 00000 00000 00000 00000 36720
36721 00000 00000 00000 00000 36740
36741 00000 00000 00000 00000 36760
36761 00000 00000 00000 00000 36780
36781 00000 00000 00000 00000 36800

36801 00000 00000 00000 00000 36820
36821 00000 00000 00000 00000 36840
36841 00000 00000 00000 00000 36860
36861 00000 00000 00000 00000 36880
36881 00000 00000 00000 00000 36900

36901 00000 00000 00000 00000 36920
36921 00000 00000 00000 00000 36940
36941 00000 00000 00000 00000 36960
36961 00000 00000 00000 00000 36980
36981 00000 00000 00000 00000 37000

37001 00000 00000 00000 00000 37020
37021 00000 00000 00000 00000 37040
37041 00000 00000 00000 00000 37060
37061 00000 00000 00000 00000 37080
37081 00000 00000 00000 00000 37100

37101 00000 00000 00000 00000 37120
37121 00000 00000 00000 00000 37140
37141 00000 00000 00000 00000 37160
37161 00000 00000 00000 00000 37180
37181 00000 00000 00000 00000 37200

37201 00000 00000 00000 00000 37220
37221 00000 00000 00000 00000 37240
37241 00000 00000 00000 00000 37260
37261 00000 00000 00000 00000 37280
37281 00000 00000 00000 00000 37300

37301 00000 00000 00000 00000 37320
37321 00000 00000 00000 00000 37340
37341 00000 00000 00000 00000 37360
37361 00000 00000 00000 00000 37380
37381 00000 00000 00000 00000 37400

37401 00000 00000 00000 00000 37420
37421 00000 00000 00000 00000 37440
37441 00000 00000 00000 00000 37460
37461 00000 00000 00000 00000 37480
37481 00000 00000 00000 00000 37500

37501 00000 00000 00000 00000 37520
37521 00000 00000 00000 00000 37540
37541 00000 00000 00000 00000 37560
37561 00000 00000 00000 00000 37580
37581 00000 00000 00000 00000 37600

37601 00000 00000 00000 00000 37620
37621 00000 00000 00000 00000 37640
37641 00000 00000 00000 00000 37660
37661 00000 00000 00000 00000 37680
37681 00000 00000 00000 00000 37700

37701 00000 00000 00000 00000 37720
37721 00000 00000 00000 00000 37740
37741 00000 00000 00000 00000 37760
37761 00000 00000 00000 00000 37780
37781 00000 00000 00000 00000 37800

37801 00000 00000 00000 00000 37820
37821 00000 00000 00000 00000 37840
37841 00000 00000 00000 00000 37860
37861 00000 00000 00000 00000 37880
37881 00000 00000 00000 00000 37900

37901 00000 00000 00000 00000 37920
37921 00000 00000 00000 00000 37940
37941 00000 00000 00000 00000 37960
37961 00000 00000 00000 00000 37980
37981 00000 00000 00000 00000 38000

