
# Coordinates are 1-relative (Genome browser and wig files)
0 = BACK
1 = UPH
2 = TOPH
3 = DOWNH
4 = UPD
5 = TOPD
6 = DOWND
7 = FP

28001 00000 00000 00000 00000 28020
28021 00000 00000 00000 00000 28040
28041 00000 00000 00000 00000 28060
28061 00000 00000 00000 00000 28080
28081 00000 00000 00000 00000 28100

28101 00000 00000 00000 00000 28120
28121 00000 00000 00000 00000 28140
28141 00000 00000 00000 00000 28160
28161 00000 00000 00000 00000 28180
28181 00000 00000 00000 00000 28200

28201 00000 00000 00000 00000 28220
28221 00000 00000 00000 00000 28240
28241 00000 00000 00000 00000 28260
28261 00000 00000 00000 00000 28280
28281 00000 00000 00000 00000 28300

28301 00000 00000 00000 00000 28320
28321 00000 00000 00000 00000 28340
28341 00000 00000 00000 00000 28360
28361 00000 00000 00000 00000 28380
28381 00000 00000 00000 00000 28400

28401 00000 00000 00000 00000 28420
28421 00000 00000 00000 00000 28440
28441 00000 00000 00000 00000 28460
28461 00000 00000 00000 00000 28480
28481 00000 00000 00000 00000 28500

28501 00000 00000 00000 00000 28520
28521 00000 00000 00000 00000 28540
28541 00000 00000 00000 00000 28560
28561 00000 00000 00000 00000 28580
28581 00000 00000 00000 00000 28600

28601 00000 00000 00000 00000 28620
28621 00000 00000 00000 00000 28640
28641 00000 00000 00000 00000 28660
28661 00000 00000 00000 00000 28680
28681 00000 00000 00000 00000 28700

28701 00000 00000 00000 00000 28720
28721 00000 00000 00000 00000 28740
28741 00000 00000 00000 00000 28760
28761 00000 00000 00000 00000 28780
28781 00000 00000 00000 00000 28800

28801 00000 00000 00000 00000 28820
28821 00000 00000 00000 00000 28840
28841 00000 00000 00000 00000 28860
28861 00000 00000 00000 00000 28880
28881 00000 00000 00000 00000 28900

28901 00000 00000 00000 00000 28920
28921 00000 00000 00000 00000 28940
28941 00000 00000 00000 00000 28960
28961 00000 00000 00000 00000 28980
28981 00000 00000 00000 00000 29000

29001 00000 00000 00000 00000 29020
29021 00000 00000 00000 00000 29040
29041 00000 00000 00000 00000 29060
29061 00000 00000 00000 00000 29080
29081 00000 00000 00000 00000 29100

29101 00000 00000 00000 00000 29120
29121 00000 00000 00000 00000 29140
29141 00000 00000 00000 00000 29160
29161 00000 00000 00000 00000 29180
29181 00000 00000 00000 00000 29200

29201 00000 00000 00000 00000 29220
29221 00000 00000 00000 00000 29240
29241 00000 00000 00000 00000 29260
29261 00000 00000 00000 00000 29280
29281 00000 00000 00000 00000 29300

29301 00000 00000 00000 00000 29320
29321 00000 00000 00000 00000 29340
29341 00000 00000 00000 00000 29360
29361 00000 00000 00000 00000 29380
29381 00000 00000 00000 00000 29400

29401 00000 00000 00000 00000 29420
29421 00000 00000 00000 00000 29440
29441 00000 00000 00000 00000 29460
29461 00000 00000 00000 00000 29480
29481 00000 00000 00000 00000 29500

29501 00000 00000 00000 00000 29520
29521 00000 00000 00000 00000 29540
29541 00000 00000 00000 00000 29560
29561 00000 00000 00000 00000 29580
29581 00000 00000 00000 00000 29600

29601 00000 00000 00000 00000 29620
29621 00000 00000 00000 00000 29640
29641 00000 00000 00000 00000 29660
29661 00000 00000 00000 00000 29680
29681 00000 00000 00000 00000 29700

29701 00000 00000 00000 00000 29720
29721 00000 00000 00000 00000 29740
29741 00000 00000 00000 00000 29760
29761 00000 00000 00000 00000 29780
29781 00000 00000 00000 00000 29800

29801 00000 00000 00000 00000 29820
29821 00000 00000 00000 00000 29840
29841 00000 00000 00000 00000 29860
29861 00000 00000 00000 00000 29880
29881 00000 00000 00000 00000 29900

29901 00000 00000 00000 00000 29920
29921 00000 00000 00000 00000 29940
29941 00000 00000 00000 00000 29960
29961 00000 00000 00000 00000 29980
29981 00000 00000 00000 00000 30000

30001 00000 00000 00000 00000 30020
30021 00000 00000 00000 00000 30040
30041 00000 00000 00000 00000 30060
30061 00000 00000 00000 00000 30080
30081 00000 00000 00000 00000 30100

30101 00000 00000 00000 00000 30120
30121 00000 00000 00000 00000 30140
30141 00000 00000 00000 00000 30160
30161 00000 00000 00000 00000 30180
30181 00000 00000 00000 00000 30200

30201 00000 00000 00000 00000 30220
30221 00000 00000 00000 00000 30240
30241 00000 00000 00000 00000 30260
30261 00000 00000 00000 00000 30280
30281 00000 00000 00000 00000 30300

30301 00000 00000 00000 00000 30320
30321 00000 00000 00000 00000 30340
30341 00000 00000 00000 00000 30360
30361 00000 00000 00000 00000 30380
30381 00000 00000 00000 00000 30400

30401 00000 00000 00000 00000 30420
30421 00000 00000 00000 00000 30440
30441 00000 00000 00000 00000 30460
30461 00000 00000 00000 00000 30480
30481 00000 00000 00000 00000 30500

30501 00000 00000 00000 00000 30520
30521 00000 00000 00000 00000 30540
30541 00000 00000 00000 00000 30560
30561 00000 00000 00000 00000 30580
30581 00000 00000 00000 00000 30600

30601 00000 00000 00000 00000 30620
30621 00000 00000 00000 00000 30640
30641 00000 00000 00000 00000 30660
30661 00000 00000 00000 00000 30680
30681 00000 00000 00000 00000 30700

30701 00000 00000 00000 00000 30720
30721 00000 00000 00000 00000 30740
30741 00000 00000 00000 00000 30760
30761 00000 00000 00000 00000 30780
30781 00000 00000 00000 00000 30800

30801 00000 00000 00000 00000 30820
30821 00000 00000 00000 00000 30840
30841 00000 00000 00000 00000 30860
30861 00000 00000 00000 00000 30880
30881 00000 00000 00000 00000 30900

30901 00000 00000 00000 00000 30920
30921 00000 00000 00000 00000 30940
30941 00000 00000 00000 00000 30960
30961 00000 00000 00000 00000 30980
30981 00000 00000 00000 00000 31000

31001 00000 00000 00000 00000 31020
31021 00000 00000 00000 00000 31040
31041 00000 00000 00000 00000 31060
31061 00000 00000 00000 00000 31080
31081 00000 00000 00000 00000 31100

31101 00000 00000 00000 00000 31120
31121 00000 00000 00000 00000 31140
31141 00000 00000 00000 00000 31160
31161 00000 00000 00000 00000 31180
31181 00000 00000 00000 00000 31200

31201 00000 00000 00000 00000 31220
31221 00000 00000 00000 00000 31240
31241 00000 00000 00000 00000 31260
31261 00000 00000 00000 00000 31280
31281 00000 00000 00000 00000 31300

31301 00000 00000 00000 00000 31320
31321 00000 00000 00000 00000 31340
31341 00000 00000 00000 00000 31360
31361 00000 00000 00000 00000 31380
31381 00000 00000 00000 00000 31400

31401 00000 00000 00000 00000 31420
31421 00000 00000 00000 00000 31440
31441 00000 00000 00000 00000 31460
31461 00000 00000 00000 00000 31480
31481 00000 00000 00000 00000 31500

31501 00000 00000 00000 00000 31520
31521 00000 00000 00000 00000 31540
31541 00000 00000 00000 00000 31560
31561 00000 00000 00000 00000 31580
31581 00000 00000 00000 00000 31600

31601 00000 00000 00000 00000 31620
31621 00000 00000 00000 00000 31640
31641 00000 00000 00000 00000 31660
31661 00000 00000 00000 00000 31680
31681 00000 00000 00000 00000 31700

31701 00000 00000 00000 00000 31720
31721 00000 00000 00000 00000 31740
31741 00000 00000 00000 00000 31760
31761 00000 00000 00000 00000 31780
31781 00001 11111 11111 11111 31800

31801 11111 11111 11111 11111 31820
31821 11111 11111 11111 11111 31840
31841 11111 11111 11111 11111 31860
31861 11111 11111 11111 11111 31880
31881 11111 11111 12222 22222 31900

31901 22222 22222 22222 22222 31920
31921 22222 22222 22222 22222 31940
31941 22222 22222 22222 22222 31960
31961 22222 22222 22222 22222 31980
31981 22222 22222 22222 22222 32000

32001 22222 22222 22222 22222 32020
32021 22222 22222 22222 22222 32040
32041 33333 33333 33333 33333 32060
32061 33333 33333 33333 33333 32080
32081 33333 33333 33333 33333 32100

32101 33333 33333 33333 33333 32120
32121 33333 33333 33333 33333 32140
32141 33333 33333 33333 33333 32160
32161 33333 33333 33333 33333 32180
32181 33333 33333 33333 33333 32200

32201 33333 33333 33333 33333 32220
32221 33333 33333 33333 33333 32240
32241 33333 33333 33333 33333 32260
32261 33333 33333 33333 33333 32280
32281 33333 33333 33333 33333 32300

32301 33333 33333 33333 33333 32320
32321 33333 33333 33333 33333 32340
32341 33344 44445 55667 77777 32360
32361 77777 74445 55556 67777 32380
32381 77777 74445 56667 44455 32400

32401 55555 55555 56677 77777 32420
32421 77777 77777 77777 77777 32440
32441 77777 44455 55566 77777 32460
32461 77777 77777 77777 77777 32480
32481 77777 77777 77777 77777 32500

32501 77777 77777 77744 55555 32520
32521 55556 66677 74444 56666 32540
32541 67777 77777 77777 77777 32560
32561 77777 77777 74445 56667 32580
32581 77444 45555 55556 66677 32600

32601 77777 77777 74444 55666 32620
32621 77777 77777 77777 74445 32640
32641 55555 56667 77774 44455 32660
32661 66677 77777 77744 44555 32680
32681 55555 66667 77774 44455 32700

32701 56677 77777 77777 77744 32720
32721 44555 66774 44555 66777 32740
32741 77777 77774 44455 66677 32760
32761 77777 77444 45666 61111 32780
32781 11111 11111 11111 11111 32800

32801 11111 11111 11111 11111 32820
32821 11111 11111 11111 11111 32840
32841 11111 11111 11111 11111 32860
32861 11111 11111 11111 11111 32880
32881 11111 11111 11111 11111 32900

32901 22222 22222 22222 22222 32920
32921 22222 22222 22222 22222 32940
32941 22222 22222 22222 22222 32960
32961 22222 22222 22222 22222 32980
32981 22233 33333 33333 33333 33000

33001 33333 33333 33333 33333 33020
33021 33333 33333 33333 33333 33040
33041 33333 33333 33333 33333 33060
33061 33333 33334 44456 66777 33080
33081 77777 77777 77777 44445 33100

33101 55555 55677 77777 77777 33120
33121 77777 77777 77777 77777 33140
33141 77777 77744 55555 55556 33160
33161 67777 77774 44444 44566 33180
33181 66777 77777 77777 77777 33200

33201 77777 74444 55566 77777 33220
33221 77777 74445 56666 77777 33240
33241 77777 77777 77777 77777 33260
33261 77777 77777 77777 77777 33280
33281 77777 77777 77777 77774 33300

33301 44455 66611 11111 11111 33320
33321 11111 11111 11111 11111 33340
33341 11111 11111 11111 11111 33360
33361 11111 11111 11111 11111 33380
33381 11111 11111 11111 11111 33400

33401 11111 11111 11111 11111 33420
33421 11111 11111 11111 11111 33440
33441 11111 11111 11111 11111 33460
33461 11111 11111 11111 11111 33480
33481 12222 22222 22222 22222 33500

33501 22222 22222 22222 22222 33520
33521 22222 22222 22222 22222 33540
33541 22222 22222 22222 22222 33560
33561 22222 22222 22222 22222 33580
33581 22222 22222 22222 22222 33600

33601 22222 22222 22222 22222 33620
33621 22222 22222 22222 22222 33640
33641 22222 22222 22222 22222 33660
33661 22222 22222 22222 22222 33680
33681 22222 22222 22222 22222 33700

33701 22222 22222 22222 22222 33720
33721 22222 22222 22222 22222 33740
33741 22222 22222 22222 22222 33760
33761 22222 22222 22222 22222 33780
33781 22222 22222 22222 22222 33800

33801 22222 22222 22222 22222 33820
33821 22222 22222 22222 22222 33840
33841 22222 22222 22222 22222 33860
33861 22222 22222 22222 22222 33880
33881 22222 22222 22222 22222 33900

33901 22222 22222 22222 22222 33920
33921 22222 22222 22223 33333 33940
33941 33333 33333 33333 33333 33960
33961 33333 33333 33333 33333 33980
33981 33333 33333 33333 33333 34000

34001 33333 33333 33333 33333 34020
34021 44444 55555 55666 67777 34040
34041 77777 77777 77777 77777 34060
34061 74444 55566 66777 77777 34080
34081 44445 66667 77777 77777 34100

34101 77777 77777 77744 44555 34120
34121 55566 66000 00000 00000 34140
34141 00000 00000 00000 00000 34160
34161 00000 00000 00000 00000 34180
34181 00000 00000 00000 00000 34200

34201 00000 00000 00000 00000 34220
34221 00000 00000 00000 00044 34240
34241 55555 55666 67777 77777 34260
34261 77744 44555 77774 55666 34280
34281 77744 44566 77444 44566 34300

34301 77777 77777 77777 77777 34320
34321 77777 74444 55566 66777 34340
34341 77777 77777 77777 77777 34360
34361 77777 77777 77777 77777 34380
34381 44455 66661 11111 11111 34400

34401 11111 11111 11111 11122 34420
34421 22222 22222 22222 22222 34440
34441 22222 22222 22222 22222 34460
34461 22222 22222 22222 22222 34480
34481 22222 22222 22222 22222 34500

34501 22222 22222 22222 22223 34520
34521 33333 33333 33333 33333 34540
34541 33333 33333 33333 33333 34560
34561 33333 33333 33333 33333 34580
34581 33333 33333 33333 33333 34600

34601 33333 33333 00000 00000 34620
34621 00000 00000 00000 00000 34640
34641 00000 00000 00000 00000 34660
34661 00000 00000 00000 00000 34680
34681 00000 00000 00000 00000 34700

34701 00000 00000 00000 00000 34720
34721 00000 00000 00000 00000 34740
34741 00000 00000 00000 00000 34760
34761 00000 00000 00000 00000 34780
34781 00000 00000 00000 00000 34800

34801 00000 00000 00000 00000 34820
34821 00000 00000 00000 00000 34840
34841 00000 00000 00000 00000 34860
34861 00000 00000 00000 00000 34880
34881 00000 00000 00000 00000 34900

34901 00000 00000 00000 00000 34920
34921 00000 00000 00000 00000 34940
34941 00000 00000 00000 00000 34960
34961 00000 00000 00000 00000 34980
34981 00000 00000 00000 00000 35000

35001 00000 00000 00000 00000 35020
35021 00000 00000 00000 00000 35040
35041 00000 00000 00000 00000 35060
35061 00000 00000 00000 00000 35080
35081 00000 00000 00000 00000 35100

35101 00000 00000 00000 00000 35120
35121 00000 00000 00000 00000 35140
35141 00000 00000 00000 00000 35160
35161 00000 00000 00000 00000 35180
35181 00000 00000 00000 00000 35200

35201 00000 00000 00000 00000 35220
35221 00000 00000 00000 00000 35240
35241 00000 00000 00000 00000 35260
35261 00000 00000 00000 00000 35280
35281 00000 00000 00000 00000 35300

35301 00000 00000 00000 00000 35320
35321 00000 00000 00000 00000 35340
35341 00000 00000 00000 00000 35360
35361 00000 00000 00000 00000 35380
35381 00000 00000 00000 00000 35400

35401 00000 00000 00000 00000 35420
35421 00000 00000 00000 00000 35440
35441 00000 00000 00000 00000 35460
35461 00000 00000 00000 00000 35480
35481 00000 00000 00000 00000 35500

35501 00000 00000 00000 00000 35520
35521 00000 00000 00000 00000 35540
35541 00000 00000 00000 00000 35560
35561 00000 00000 00000 00000 35580
35581 00000 00000 00000 00000 35600

35601 00000 00000 00000 00000 35620
35621 00000 00000 00000 00000 35640
35641 00000 00000 00000 00000 35660
35661 00000 00000 00000 00000 35680
35681 00000 00000 00000 00000 35700

35701 00000 00000 00000 00000 35720
35721 00000 00000 00000 00000 35740
35741 00000 00000 00000 00000 35760
35761 00000 00000 00000 00000 35780
35781 00000 00000 00000 00000 35800

35801 00000 00000 00000 00000 35820
35821 00000 00000 00000 00000 35840
35841 00000 00000 00000 00000 35860
35861 00000 00000 00000 00000 35880
35881 00000 00000 00000 00000 35900

35901 00000 00000 00000 00000 35920
35921 00000 00000 00000 00000 35940
35941 00000 00000 00000 00000 35960
35961 00000 00000 00000 00000 35980
35981 00000 00000 00000 00000 36000

36001 00000 00000 00000 00000 36020
36021 00000 00000 00000 00000 36040
36041 00000 00000 00000 00000 36060
36061 00000 00000 00000 00000 36080
36081 00000 00000 00000 00000 36100

36101 00000 00000 00000 00000 36120
36121 00000 00000 00000 00000 36140
36141 00000 00000 00000 00000 36160
36161 00000 00000 00000 00000 36180
36181 00000 00000 00000 00000 36200

36201 00000 00000 00000 00000 36220
36221 00000 00000 00000 00000 36240
36241 00000 00000 00000 00000 36260
36261 00000 00000 00000 00000 36280
36281 00000 00000 00000 00000 36300

36301 00000 00000 00000 00000 36320
36321 00000 00000 00000 00000 36340
36341 00000 00000 00000 00000 36360
36361 00000 00000 00000 00000 36380
36381 00000 00000 00000 00000 36400

36401 00000 00000 00000 00000 36420
36421 00000 00000 00000 00000 36440
36441 00000 00000 00000 00000 36460
36461 00000 00000 00000 00000 36480
36481 00000 00000 00000 00000 36500

36501 00000 00000 00000 00000 36520
36521 00000 00000 00000 00000 36540
36541 00000 00000 00000 00000 36560
36561 00000 00000 00000 00000 36580
36581 00000 00000 00000 00000 36600

36601 00000 00000 00000 00000 36620
36621 00000 00000 00000 00000 36640
36641 00000 00000 00000 00000 36660
36661 00000 00000 00000 00000 36680
36681 00000 00000 00000 00000 36700

36701 00000 00000 00000 00000 36720
36721 00000 00000 00000 00000 36740
36741 00000 00000 00000 00000 36760
36761 00000 00000 00000 00000 36780
36781 00000 00000 00000 00000 36800

36801 00000 00000 00000 00000 36820
36821 00000 00000 00000 00000 36840
36841 00000 00000 00000 00000 36860
36861 00000 00000 00000 00000 36880
36881 00000 00000 00000 00000 36900

36901 00000 00000 00000 00000 36920
36921 00000 00000 00000 00000 36940
36941 00000 00000 00000 00000 36960
36961 00000 00000 00000 00000 36980
36981 00000 00000 00000 00000 37000

37001 00000 00000 00000 00000 37020
37021 00000 00000 00000 00000 37040
37041 00000 00000 00000 00000 37060
37061 00000 00000 00000 00000 37080
37081 00000 00000 00000 00000 37100

37101 00000 00000 00000 00000 37120
37121 00000 00000 00000 00000 37140
37141 00000 00000 00000 00000 37160
37161 00000 00000 00000 00000 37180
37181 00000 00000 00000 00000 37200

37201 00000 00000 00000 00000 37220
37221 00000 00000 00000 00000 37240
37241 00000 00000 00000 00000 37260
37261 00000 00000 00000 00000 37280
37281 00000 00000 00000 00000 37300

37301 00000 00000 00000 00000 37320
37321 00000 00000 00000 00000 37340
37341 00000 00000 00000 00000 37360
37361 00000 00000 00000 00000 37380
37381 00000 00000 00000 00000 37400

37401 00000 00000 00000 00000 37420
37421 00000 00000 00000 00000 37440
37441 00000 00000 00000 00000 37460
37461 00000 00000 00000 00000 37480
37481 00000 00000 00000 00000 37500

37501 00000 00000 00000 00000 37520
37521 00000 00000 00000 00000 37540
37541 00000 00000 00000 00000 37560
37561 00000 00000 00000 00000 37580
37581 00000 00000 00000 00000 37600

37601 00000 00000 00000 00000 37620
37621 00000 00000 00000 00000 37640
37641 00000 00000 00000 00000 37660
37661 00000 00000 00000 00000 37680
37681 00000 00000 00000 00000 37700

37701 00000 00000 00000 00000 37720
37721 00000 00000 00000 00000 37740
37741 00000 00000 00000 00000 37760
37761 00000 00000 00000 00000 37780
37781 00000 00000 00000 00000 37800

37801 00000 00000 00000 00000 37820
37821 00000 00000 00000 00000 37840
37841 00000 00000 00000 00000 37860
37861 00000 00000 00000 00000 37880
37881 00000 00000 00000 00000 37900

37901 00000 00000 00000 00000 37920
37921 00000 00000 00000 00000 37940
37941 00000 00000 00000 00000 37960
37961 00000 00000 00000 00000 37980
37981 00000 00000 00000 00000 38000

