
# Coordinates are 1-relative (Genome browser and wig files)
0 = BACK
1 = UPH
2 = TOPH
3 = DOWNH
4 = FP

42001 00000 00000 00000 00000 42020
42021 00000 00000 00000 00000 42040
42041 00000 00000 00000 00000 42060
42061 00000 00000 00000 00000 42080
42081 00000 00000 00000 00000 42100

42101 00000 00000 00000 00000 42120
42121 00000 00000 00000 00000 42140
42141 00000 00000 00000 00000 42160
42161 00000 00000 00000 00000 42180
42181 00000 00000 00000 00000 42200

42201 00000 00000 00000 00000 42220
42221 00000 00000 00000 00000 42240
42241 00000 00000 00000 00000 42260
42261 00000 00000 00000 00000 42280
42281 00000 00000 00000 00000 42300

42301 00000 00000 00000 00000 42320
42321 00000 00000 00000 00000 42340
42341 00000 00000 00000 00000 42360
42361 00000 00000 00000 00000 42380
42381 00000 00000 00000 00000 42400

42401 00000 00000 00000 00000 42420
42421 00000 00000 00000 00000 42440
42441 00000 00000 00000 00000 42460
42461 00000 00000 00000 00000 42480
42481 00000 00000 00000 00000 42500

42501 00000 00000 00000 00000 42520
42521 00000 00000 00000 00000 42540
42541 00000 00000 00000 00000 42560
42561 00000 00000 00000 00000 42580
42581 00000 00000 00000 00000 42600

42601 00000 00000 00000 00000 42620
42621 00000 00000 00000 00000 42640
42641 00000 00000 00000 00000 42660
42661 00000 00000 00000 00000 42680
42681 00000 00000 00000 00000 42700

42701 00000 00000 00000 00000 42720
42721 00000 00000 00000 00000 42740
42741 00000 00000 00000 00000 42760
42761 00000 00000 00000 00000 42780
42781 00000 00000 00000 00000 42800

42801 00000 00000 00000 00000 42820
42821 00000 00000 00000 00000 42840
42841 00000 00000 00000 00000 42860
42861 00000 00000 00000 00000 42880
42881 00000 00000 00000 00000 42900

42901 00000 00000 00000 00000 42920
42921 00000 00000 00000 00000 42940
42941 00000 00000 00000 00000 42960
42961 00000 00000 00000 00000 42980
42981 00000 00000 00000 00000 43000

43001 00000 00000 00000 00000 43020
43021 00000 00000 00000 00000 43040
43041 00000 00000 00000 00000 43060
43061 00000 00000 00000 00000 43080
43081 00000 00000 00000 00000 43100

43101 00000 00000 00000 00000 43120
43121 00000 00000 00000 00000 43140
43141 00000 00000 00000 00000 43160
43161 00000 00000 00000 00000 43180
43181 00000 00000 00000 00000 43200

43201 00000 00000 00000 00000 43220
43221 00000 00000 00000 00000 43240
43241 00000 00000 00000 00000 43260
43261 00000 00000 00000 00000 43280
43281 00000 00000 00000 00000 43300

43301 00000 00000 00000 00000 43320
43321 00000 00000 00000 00000 43340
43341 00000 00000 00000 00000 43360
43361 00000 00000 00000 00000 43380
43381 00000 00000 00000 00000 43400

43401 00000 00000 00000 00000 43420
43421 00000 00000 00000 00000 43440
43441 00000 00000 00000 00000 43460
43461 00000 00000 00000 00000 43480
43481 00000 00000 00000 00000 43500

43501 00000 00000 00000 00000 43520
43521 00000 00000 00000 00000 43540
43541 00000 00000 00000 00000 43560
43561 00000 00000 00000 00000 43580
43581 00000 00000 00000 00000 43600

43601 00000 00000 00000 00000 43620
43621 00000 00000 00000 00000 43640
43641 00000 00000 00000 00000 43660
43661 00000 00000 00000 00000 43680
43681 00000 00000 00000 00000 43700

43701 00000 00000 00000 00000 43720
43721 00000 00000 00000 00000 43740
43741 00000 00000 00000 00000 43760
43761 00000 00000 00000 00000 43780
43781 00000 00000 00000 00000 43800

43801 00000 00000 00000 00000 43820
43821 00000 00000 00000 00000 43840
43841 00000 00000 00000 00000 43860
43861 00000 00000 00000 00000 43880
43881 00000 00000 00000 00000 43900

43901 00000 00000 00000 00000 43920
43921 00000 00000 00000 00000 43940
43941 00000 00000 00000 00000 43960
43961 00000 00000 00000 00000 43980
43981 00000 00000 00000 00000 44000

44001 00000 00000 00000 00000 44020
44021 00000 00000 00000 00000 44040
44041 00000 00000 00000 00000 44060
44061 00000 00000 00000 00000 44080
44081 00000 00000 00000 00000 44100

44101 00000 00000 00000 00000 44120
44121 00000 00000 00000 00000 44140
44141 00000 00000 00000 00000 44160
44161 00000 00000 00000 00000 44180
44181 00000 00000 00000 00000 44200

44201 00000 00000 00000 00000 44220
44221 00000 00000 00000 00000 44240
44241 00000 00000 00000 00000 44260
44261 00000 00000 00000 00000 44280
44281 00000 00000 00000 00000 44300

44301 00000 00000 00000 00000 44320
44321 00000 00000 00000 00000 44340
44341 00000 00000 00000 00000 44360
44361 00000 00000 00000 00000 44380
44381 00000 00000 00000 00000 44400

44401 00000 00000 00000 00000 44420
44421 00000 00000 00000 00000 44440
44441 00000 00000 00000 00000 44460
44461 00000 00000 00000 00000 44480
44481 00000 00000 00000 00000 44500

44501 00000 00000 00000 00000 44520
44521 00000 00000 00000 00000 44540
44541 00000 00000 00000 00000 44560
44561 00000 00000 00000 00000 44580
44581 00000 00000 00000 00000 44600

44601 00000 00000 00000 00000 44620
44621 00000 00000 00000 00000 44640
44641 00000 00000 00000 00000 44660
44661 00000 00000 00000 00000 44680
44681 00000 00000 00000 00000 44700

44701 00000 00000 00000 00000 44720
44721 00000 00000 00000 00000 44740
44741 00000 00000 00000 00000 44760
44761 00000 00000 00000 00000 44780
44781 00000 00000 00000 00000 44800

44801 00000 00000 00000 00000 44820
44821 00000 00000 00000 00000 44840
44841 00000 00000 00000 00000 44860
44861 00000 00000 00000 00000 44880
44881 00000 00000 00000 00000 44900

44901 00000 00000 00000 00000 44920
44921 00000 00000 00000 00000 44940
44941 00000 00000 00000 00000 44960
44961 00000 00000 00000 00000 44980
44981 00000 00000 00000 00000 45000

45001 00000 00000 00000 00000 45020
45021 00000 00000 00000 00000 45040
45041 00000 00000 00000 00000 45060
45061 00000 00000 00000 00000 45080
45081 00000 00000 00000 00000 45100

45101 00000 00000 00000 00000 45120
45121 00000 00000 00000 00000 45140
45141 00000 00000 00000 00000 45160
45161 00000 00000 11111 11111 45180
45181 11111 11111 11111 11111 45200

45201 11111 11111 11111 11111 45220
45221 11111 11111 11111 11111 45240
45241 11111 11111 11111 11111 45260
45261 11111 11111 11111 11111 45280
45281 11111 11111 11111 11222 45300

45301 22222 22222 22222 22222 45320
45321 22222 22222 22222 22222 45340
45341 22222 22333 33333 33333 45360
45361 33333 33333 33333 33333 45380
45381 33333 33333 33333 33333 45400

45401 33333 33333 33333 33333 45420
45421 33333 33333 33333 33333 45440
45441 33333 33333 33333 33333 45460
45461 33333 33333 33333 33333 45480
45481 33333 44444 44444 44444 45500

45501 44444 44444 44444 44444 45520
45521 44444 44444 44444 44444 45540
45541 44444 44444 44444 44444 45560
45561 44444 44444 44444 44444 45580
45581 44444 44444 44444 44444 45600

45601 44444 44444 44444 44444 45620
45621 44444 44444 44444 44444 45640
45641 44444 44444 44444 44444 45660
45661 44444 44444 44444 44444 45680
45681 44444 44444 44444 44444 45700

45701 44444 44444 44444 44444 45720
45721 44444 44444 44444 44444 45740
45741 44444 44444 44444 44444 45760
45761 44444 44444 44444 44444 45780
45781 44444 44444 44444 44444 45800

45801 44444 44444 44444 44444 45820
45821 44444 44444 44444 44444 45840
45841 44444 44444 44444 44444 45860
45861 44444 44444 11111 11111 45880
45881 11111 11111 11111 11111 45900

45901 11111 11111 11111 11111 45920
45921 11111 11111 11111 11111 45940
45941 11111 11111 11111 11111 45960
45961 11111 11111 11111 11111 45980
45981 11111 11111 11111 11111 46000

46001 11111 11111 11111 11111 46020
46021 11111 11111 11111 11111 46040
46041 11111 11111 11111 11111 46060
46061 11111 11111 11111 11111 46080
46081 11111 11111 11111 11111 46100

46101 11111 11111 11111 11111 46120
46121 11111 11111 12222 22222 46140
46141 22222 22222 22222 22222 46160
46161 22222 22222 22222 22222 46180
46181 22222 22222 22222 22222 46200

46201 33333 33333 33333 33333 46220
46221 33333 33333 33333 33333 46240
46241 33333 33333 33333 33333 46260
46261 33333 33333 33333 33333 46280
46281 33333 33333 33333 33333 46300

46301 33333 33333 33333 33333 46320
46321 33333 33333 33333 33333 46340
46341 33333 33333 33333 33333 46360
46361 33333 33333 33333 33333 46380
46381 33333 33333 44444 44444 46400

46401 44444 44444 44444 44444 46420
46421 44444 44444 44444 44444 46440
46441 44444 44444 44444 44444 46460
46461 44444 44444 44444 44444 46480
46481 44444 44444 44444 44444 46500

46501 44444 44444 44444 44444 46520
46521 44444 44444 44444 44444 46540
46541 44444 44444 44444 44444 46560
46561 44444 44444 44444 44444 46580
46581 44444 11111 11111 11111 46600

46601 11111 11111 11111 11111 46620
46621 11111 11111 11111 11111 46640
46641 11111 11111 11111 11111 46660
46661 11111 11111 11111 22222 46680
46681 22222 22222 22222 22222 46700

46701 22222 22222 22222 22222 46720
46721 22222 22222 22222 22222 46740
46741 22222 22223 33333 33333 46760
46761 33333 33333 33333 33333 46780
46781 33333 33333 33333 33333 46800

46801 33333 33333 33333 33444 46820
46821 44444 44444 44444 44444 46840
46841 44444 44444 44444 44444 46860
46861 44444 44444 44444 44444 46880
46881 44444 44444 44444 44444 46900

46901 44444 44444 44444 44444 46920
46921 44444 44444 44444 44444 46940
46941 44444 44444 44444 44444 46960
46961 44444 44444 44444 44444 46980
46981 44444 44444 44444 44444 47000

47001 44444 44444 44444 44444 47020
47021 44444 44444 44444 44444 47040
47041 44444 44444 44444 44444 47060
47061 44444 44444 44444 44444 47080
47081 44444 44444 44444 44444 47100

47101 44444 44444 44444 44444 47120
47121 44444 44444 44444 44444 47140
47141 44444 44444 44444 44444 47160
47161 44444 44444 44444 44444 47180
47181 44444 44444 44444 44444 47200

47201 44444 44444 44444 44444 47220
47221 44444 44444 44444 44444 47240
47241 44444 44444 44444 44444 47260
47261 44444 44444 44444 44444 47280
47281 44444 44444 44444 44444 47300

47301 44444 44444 44444 44444 47320
47321 44444 44444 44444 44444 47340
47341 44444 44444 44444 44444 47360
47361 44444 44444 44444 44444 47380
47381 44444 44444 44444 44444 47400

47401 44444 44444 44444 44444 47420
47421 44444 44444 44444 44444 47440
47441 44444 44444 44444 44444 47460
47461 44444 44444 44444 44444 47480
47481 44444 44444 44444 44444 47500

47501 44444 44444 44444 44444 47520
47521 44444 44444 44444 44444 47540
47541 44444 44444 44444 44444 47560
47561 44444 44444 44444 44444 47580
47581 44444 44444 44444 44444 47600

47601 44444 44444 44444 44444 47620
47621 44444 44444 44444 44444 47640
47641 44444 44444 44444 44444 47660
47661 44444 44444 44444 44444 47680
47681 44444 44444 44444 44444 47700

47701 44444 44444 44444 44444 47720
47721 44444 44444 44444 44444 47740
47741 44444 44444 44444 44444 47760
47761 44444 44444 44444 44411 47780
47781 11111 11111 11111 11111 47800

47801 11111 11111 11111 11111 47820
47821 11111 11111 11111 11111 47840
47841 11111 11111 11111 11111 47860
47861 11111 11111 11111 11111 47880
47881 11111 11111 11111 11111 47900

47901 11111 11111 11111 11111 47920
47921 11111 11111 11111 11111 47940
47941 11111 11111 11111 11111 47960
47961 22222 22222 22222 22222 47980
47981 22222 22222 22233 33333 48000

48001 33333 33333 33333 33333 48020
48021 33333 33333 33333 33333 48040
48041 33333 34444 44444 44444 48060
48061 44444 44444 44444 44444 48080
48081 44444 44444 44444 44444 48100

48101 44444 44444 44444 44444 48120
48121 44444 44444 44444 44444 48140
48141 44444 44444 44444 44444 48160
48161 44444 44444 44444 44444 48180
48181 44441 11111 11111 11111 48200

48201 11111 11111 11111 11111 48220
48221 11111 11111 11111 11111 48240
48241 11111 11111 11111 11111 48260
48261 11111 11111 11111 11111 48280
48281 11111 11111 11111 11111 48300

48301 11111 11111 11111 11111 48320
48321 11111 11111 11111 11111 48340
48341 11111 11111 11111 11111 48360
48361 11111 11111 11111 11111 48380
48381 11111 11111 11111 11111 48400

48401 11111 22222 22222 22222 48420
48421 22222 22222 22222 22222 48440
48441 22222 22222 22222 22222 48460
48461 22222 22222 22222 22222 48480
48481 22222 22222 22222 22222 48500

48501 22222 22233 33333 33333 48520
48521 33333 33333 33333 33333 48540
48541 33333 33333 33333 33333 48560
48561 33333 33333 33333 33333 48580
48581 33333 33333 33333 33333 48600

48601 33333 33333 33333 33333 48620
48621 00000 00000 00000 00000 48640
48641 00000 00000 00000 00000 48660
48661 00000 00000 00000 00000 48680
48681 00000 00000 00000 00000 48700

48701 00000 00000 00000 00000 48720
48721 00000 00000 00000 00000 48740
48741 00000 00000 00000 00000 48760
48761 00000 00000 00000 00000 48780
48781 00000 00000 00000 00000 48800

48801 00000 00000 00000 00000 48820
48821 00000 00000 00000 00000 48840
48841 00000 00000 00000 00000 48860
48861 00000 00000 00000 00000 48880
48881 00000 00000 00000 00000 48900

48901 00000 00000 00000 00000 48920
48921 00000 00000 00000 00000 48940
48941 00000 00000 00000 00000 48960
48961 00000 00000 00000 00000 48980
48981 00000 00000 00000 00000 49000

49001 00000 00000 00000 00000 49020
49021 00000 00000 00000 00000 49040
49041 00000 00000 00000 00000 49060
49061 00000 00000 00000 00000 49080
49081 00000 00000 00000 00000 49100

49101 00000 00000 00000 00000 49120
49121 00000 00000 00000 00000 49140
49141 00000 00000 00000 00000 49160
49161 00000 00000 00000 00000 49180
49181 00000 00000 00000 00000 49200

49201 00000 00000 00000 00000 49220
49221 00000 00000 00000 00000 49240
49241 00000 00000 00000 00000 49260
49261 00000 00000 00000 00000 49280
49281 00000 00000 00000 00000 49300

49301 00000 00000 00000 00000 49320
49321 00000 00000 00000 00000 49340
49341 00000 00000 00000 00000 49360
49361 00000 00000 00000 00000 49380
49381 00000 00000 00000 00000 49400

49401 00000 00000 00000 00000 49420
49421 00000 00000 00000 00000 49440
49441 00000 00000 00000 00000 49460
49461 00000 00000 00000 00000 49480
49481 00000 00000 00000 00000 49500

49501 00000 00000 00000 00000 49520
49521 00000 00000 00000 00000 49540
49541 00000 00000 00000 00000 49560
49561 00000 00000 00000 00000 49580
49581 00000 00000 00000 00000 49600

49601 00000 00000 00000 00000 49620
49621 00000 00000 00000 00000 49640
49641 00000 00000 00000 00000 49660
49661 00000 00000 00000 00000 49680
49681 00000 00000 00000 00000 49700

49701 00000 00000 00000 00000 49720
49721 00000 00000 00000 00000 49740
49741 00000 00000 00000 00000 49760
49761 00000 00000 00000 00000 49780
49781 00000 00000 00000 00000 49800

49801 00000 00000 00000 00000 49820
49821 00000 00000 00000 00000 49840
49841 00000 00000 00000 00000 49860
49861 00000 00000 00000 00000 49880
49881 00000 00000 00000 00000 49900

49901 00000 00000 00000 00000 49920
49921 00000 00000 00000 00000 49940
49941 00000 00000 00000 00000 49960
49961 00000 00000 00000 00000 49980
49981 00000 00000 00000 00000 50000

50001 00000 00000 00000 00000 50020
50021 00000 00000 00000 00000 50040
50041 00000 00000 00000 00000 50060
50061 00000 00000 00000 00000 50080
50081 00000 00000 00000 00000 50100

50101 00000 00000 00000 00000 50120
50121 00000 00000 00000 00000 50140
50141 00000 00000 00000 00000 50160
50161 00000 00000 00001 11111 50180
50181 11111 11111 11111 11111 50200

50201 11111 11111 11111 11111 50220
50221 11111 11111 11111 11111 50240
50241 11111 11111 11111 11122 50260
50261 22222 22222 22222 22222 50280
50281 22222 22222 22222 22222 50300

50301 22222 22222 22222 22222 50320
50321 22222 22222 22222 22222 50340
50341 22222 22222 22222 22222 50360
50361 22222 22222 23333 33333 50380
50381 33333 33333 33333 33333 50400

50401 33333 33333 33333 33333 50420
50421 33333 33333 33333 33333 50440
50441 33333 33333 33333 33000 50460
50461 00000 00000 00000 00000 50480
50481 00000 00000 00000 00000 50500

50501 00000 00000 00000 00000 50520
50521 00000 00000 00000 00000 50540
50541 00000 00000 00000 00000 50560
50561 00000 00000 00000 00000 50580
50581 00000 00000 00000 00000 50600

50601 00000 00000 00000 00000 50620
50621 00000 00000 00000 00000 50640
50641 00000 00000 00000 00000 50660
50661 00000 00000 00000 00000 50680
50681 00000 00000 00000 00000 50700

50701 00000 00000 00000 00000 50720
50721 00000 00000 00000 00000 50740
50741 00000 00000 00000 00000 50760
50761 00000 00000 00000 00000 50780
50781 00000 00000 00000 00000 50800

50801 00000 00000 00000 00000 50820
50821 00000 00000 00000 00000 50840
50841 00000 00000 00000 00000 50860
50861 00000 00000 00000 00000 50880
50881 00000 00000 00000 00000 50900

50901 00000 00000 00000 00000 50920
50921 00000 00000 00000 00000 50940
50941 00000 00000 00000 00000 50960
50961 00000 00000 00000 00000 50980
50981 00000 00000 00000 00000 51000

51001 00000 00000 00000 00000 51020
51021 00000 00000 00000 00000 51040
51041 00000 00000 00000 00000 51060
51061 00000 00000 00000 00000 51080
51081 00000 00000 00000 00000 51100

51101 00000 00000 00000 00000 51120
51121 00000 00000 00000 00000 51140
51141 00000 00000 00000 00000 51160
51161 00000 00000 00000 00000 51180
51181 00000 00000 00000 00000 51200

51201 00000 00000 00000 00000 51220
51221 00000 00000 00000 00000 51240
51241 00000 00000 00000 00000 51260
51261 00000 00000 00000 00000 51280
51281 00000 00000 00000 00000 51300

51301 00000 00000 00000 00000 51320
51321 00000 00000 00000 00000 51340
51341 00000 00000 00000 00000 51360
51361 00000 00000 00000 00000 51380
51381 00000 00000 00000 00000 51400

51401 00000 00000 00000 00000 51420
51421 00000 00000 00000 00000 51440
51441 00000 00000 00000 00000 51460
51461 00000 00000 00000 00000 51480
51481 00000 00000 00000 00000 51500

51501 00000 00000 00000 00000 51520
51521 00000 00000 00000 00000 51540
51541 00000 00000 00000 00000 51560
51561 00000 00000 00000 00000 51580
51581 00000 00000 00000 00000 51600

51601 00000 00000 00000 00000 51620
51621 00000 00000 00000 00000 51640
51641 00000 00000 00000 00000 51660
51661 00000 00000 00000 00000 51680
51681 00000 00000 00000 00000 51700

51701 00000 00000 00000 00000 51720
51721 00000 00000 00000 00000 51740
51741 00000 00000 00000 00000 51760
51761 00000 00000 00000 00000 51780
51781 00000 00000 00000 00000 51800

51801 00000 00000 00000 00000 51820
51821 00000 00000 00000 00000 51840
51841 00000 00000 00000 00000 51860
51861 00000 00000 00000 00000 51880
51881 00000 00000 00000 00000 51900

51901 00000 00000 00000 00000 51920
51921 00000 00000 00000 00000 51940
51941 00000 00000 00000 00000 51960
51961 00000 00000 00000 00000 51980
51981 00000 00000 00000 00000 52000

