
# Coordinates are 1-relative (Genome browser and wig files)
0 = BACK
1 = UPD
2 = TOPD
3 = DOWND
4 = FP

28001 00000 00000 00000 00000 28020
28021 00000 00000 00000 00000 28040
28041 00000 00000 00000 00000 28060
28061 00000 00000 00000 00000 28080
28081 00000 00000 00000 00000 28100

28101 00000 00000 00000 00000 28120
28121 00000 00000 00000 00000 28140
28141 00000 00000 00000 00000 28160
28161 00000 00000 00000 00000 28180
28181 00000 00000 00000 00000 28200

28201 00000 00000 00000 00000 28220
28221 00000 00000 00000 00000 28240
28241 00000 00000 00000 00000 28260
28261 00000 00000 00000 00000 28280
28281 00000 00000 00000 00000 28300

28301 00000 00000 00000 00000 28320
28321 00000 00000 00000 00000 28340
28341 00000 00000 00000 00000 28360
28361 00000 00000 00000 00000 28380
28381 00000 00000 00000 00000 28400

28401 00000 00000 00000 00000 28420
28421 00000 00000 00000 00000 28440
28441 00000 00000 00000 00000 28460
28461 00000 00000 00000 00000 28480
28481 00000 00000 00000 00000 28500

28501 00000 00000 00000 00000 28520
28521 00000 00000 00000 00000 28540
28541 00000 00000 00000 00000 28560
28561 00000 00000 00000 00000 28580
28581 00000 00000 00000 00000 28600

28601 00000 00000 00000 00000 28620
28621 00000 00000 00000 00000 28640
28641 00000 00000 00000 00000 28660
28661 00000 00000 00000 00000 28680
28681 00000 00000 00000 00000 28700

28701 00000 00000 00000 00000 28720
28721 00000 00000 00000 00000 28740
28741 00000 00000 00000 00000 28760
28761 00000 00000 00000 00000 28780
28781 00000 00000 00000 00000 28800

28801 00000 00000 00000 00000 28820
28821 00000 00000 00000 00000 28840
28841 00000 00000 00000 00000 28860
28861 00000 00000 00000 00000 28880
28881 00000 00000 00000 00000 28900

28901 00000 00000 00000 00000 28920
28921 00000 00000 00000 00000 28940
28941 00000 00000 00000 00000 28960
28961 00000 00000 00000 00000 28980
28981 00000 00000 00000 00000 29000

29001 00000 00000 00000 00000 29020
29021 00000 00000 00000 00000 29040
29041 00000 00000 00000 00000 29060
29061 00000 00000 00000 00000 29080
29081 00000 00000 00000 00000 29100

29101 00000 00000 00000 00000 29120
29121 00000 00000 00000 00000 29140
29141 00000 00000 00000 00000 29160
29161 00000 00000 00000 00000 29180
29181 00000 00000 00000 00000 29200

29201 00000 00000 00000 00000 29220
29221 00000 00000 00000 00000 29240
29241 00000 00000 00000 00000 29260
29261 00000 00000 00000 00000 29280
29281 00000 00000 00000 00000 29300

29301 00000 00000 00000 00000 29320
29321 00000 00000 00000 00000 29340
29341 00000 00000 00000 00000 29360
29361 00000 00000 00000 00000 29380
29381 00000 00000 00000 00000 29400

29401 00000 00000 00000 00000 29420
29421 00000 00000 00000 00000 29440
29441 00000 00000 00000 00000 29460
29461 00000 00000 00000 00000 29480
29481 00000 00000 00000 00000 29500

29501 00000 00000 00000 00000 29520
29521 00000 00000 00000 00000 29540
29541 00000 00000 00000 00000 29560
29561 00000 00000 00000 00000 29580
29581 00000 00000 00000 00000 29600

29601 00000 00000 00000 00000 29620
29621 00000 00000 00000 00000 29640
29641 00000 00000 00000 00000 29660
29661 00000 00000 00000 00000 29680
29681 00000 00000 00000 00000 29700

29701 00000 00000 00000 00000 29720
29721 00000 00000 00000 00000 29740
29741 00000 00000 00000 00000 29760
29761 00000 00000 00000 00000 29780
29781 00000 00000 00000 00000 29800

29801 00000 00000 00000 00000 29820
29821 00000 00000 00000 00000 29840
29841 00000 00000 00000 00000 29860
29861 00000 00000 00000 00000 29880
29881 00000 00000 00000 00000 29900

29901 00000 00000 00000 00000 29920
29921 00000 00000 00000 00000 29940
29941 00000 00000 00000 00000 29960
29961 00000 00000 00000 00000 29980
29981 00000 00000 00000 00000 30000

30001 00000 00000 00000 00000 30020
30021 00000 00000 00000 00000 30040
30041 00000 00000 00000 00000 30060
30061 00000 00000 00000 00000 30080
30081 00000 00000 00000 00000 30100

30101 00000 00000 00000 00000 30120
30121 00000 00000 00000 00000 30140
30141 00000 00000 00000 00000 30160
30161 00000 00000 00000 00000 30180
30181 00000 00000 00000 00000 30200

30201 00000 00000 00000 00000 30220
30221 00000 00000 00000 00000 30240
30241 00000 00000 00000 00000 30260
30261 00000 00000 00000 00000 30280
30281 00000 00000 00000 00000 30300

30301 00000 00000 00000 00000 30320
30321 00000 00000 00000 00000 30340
30341 00000 00000 00000 00000 30360
30361 00000 00000 00000 00000 30380
30381 00000 00000 00000 00000 30400

30401 00000 00000 00000 00000 30420
30421 00000 00000 00000 00000 30440
30441 00000 00000 00000 00000 30460
30461 00000 00000 00000 00000 30480
30481 00000 00000 00000 00000 30500

30501 00000 00000 00000 00000 30520
30521 00000 00000 00000 00000 30540
30541 00000 00000 00000 00000 30560
30561 00000 00000 00000 00000 30580
30581 00000 00000 00000 00000 30600

30601 00000 00000 00000 00000 30620
30621 00000 00000 00000 00000 30640
30641 00000 00000 00000 00000 30660
30661 00000 00000 00000 00000 30680
30681 00000 00000 00000 00000 30700

30701 00000 00000 00000 00000 30720
30721 00000 00000 00000 00000 30740
30741 00000 00000 00000 00000 30760
30761 00000 00000 00000 00000 30780
30781 00000 00000 00000 00000 30800

30801 00000 00000 00000 00000 30820
30821 00000 00000 00000 00000 30840
30841 00000 00000 00000 00000 30860
30861 00000 00000 00000 00000 30880
30881 00000 00000 00000 00000 30900

30901 00000 00000 00000 00000 30920
30921 00000 00000 00000 00000 30940
30941 00000 00000 00000 00000 30960
30961 00000 00000 00000 00000 30980
30981 00000 00000 00000 00000 31000

31001 00000 00000 00000 00000 31020
31021 00000 00000 00000 00000 31040
31041 00000 00000 00000 00000 31060
31061 00000 00000 00000 00000 31080
31081 00000 00000 00000 00000 31100

31101 00000 00000 00000 00000 31120
31121 00000 00000 00000 00000 31140
31141 00000 00000 00000 00000 31160
31161 00000 00000 00000 00000 31180
31181 00000 00000 00000 00000 31200

31201 00000 00000 00000 00000 31220
31221 00000 00000 00000 00000 31240
31241 00000 00000 00000 00000 31260
31261 00000 00000 00000 00000 31280
31281 00000 00000 00000 00000 31300

31301 00000 00000 00000 00000 31320
31321 00000 00000 00000 00000 31340
31341 00000 00000 00000 00000 31360
31361 00000 00000 00000 00000 31380
31381 00000 00000 00000 00000 31400

31401 00000 00000 00000 00000 31420
31421 00000 00000 00000 00000 31440
31441 00000 00000 00000 00000 31460
31461 00000 00000 00000 00000 31480
31481 00000 00000 00000 00000 31500

31501 00000 00000 00000 00000 31520
31521 00000 00000 00000 00000 31540
31541 00000 00000 00000 00000 31560
31561 00000 00000 00000 00000 31580
31581 00000 00000 00000 00000 31600

31601 00000 00000 00000 00000 31620
31621 00000 00000 00000 00000 31640
31641 00000 00000 00000 00000 31660
31661 00000 00000 00000 00000 31680
31681 00000 00000 00000 00000 31700

31701 00000 00000 00000 00000 31720
31721 00111 12222 22223 33334 31740
31741 44444 44441 11222 33344 31760
31761 41111 22233 44111 11222 31780
31781 33441 11122 23444 44444 31800

31801 44411 12233 33444 44444 31820
31821 44444 44111 22333 34444 31840
31841 44444 41111 22223 34444 31860
31861 44444 44441 11123 33300 31880
31881 00000 00000 00000 00000 31900

31901 00000 00000 00000 00000 31920
31921 00000 00000 00000 00000 31940
31941 00000 00000 00000 00000 31960
31961 00000 00000 00000 00000 31980
31981 00000 00000 00000 00000 32000

32001 00000 00000 00000 00000 32020
32021 00000 00000 00000 00000 32040
32041 00000 00000 00000 00000 32060
32061 00000 00000 00000 00000 32080
32081 00000 00000 00000 00000 32100

32101 00000 00000 00000 00000 32120
32121 00000 00000 00000 00000 32140
32141 00000 00000 00000 00000 32160
32161 00000 00000 00000 00000 32180
32181 00000 00000 00000 00000 32200

32201 01112 22222 22222 22334 32220
32221 44444 44444 44444 44444 32240
32241 44444 44444 44444 44444 32260
32261 44444 44444 44444 44441 32280
32281 22222 22344 44444 44111 32300

32301 22223 34444 44444 41112 32320
32321 22233 44444 44444 41112 32340
32341 22234 44444 44411 22222 32360
32361 23444 44444 44444 44444 32380
32381 44444 11222 23344 11122 32400

32401 23334 11112 22334 44444 32420
32421 44444 44111 22233 34444 32440
32441 44444 41122 22334 44444 32460
32461 44111 22223 34444 41112 32480
32481 22333 44444 44444 44444 32500

32501 44444 44444 44411 11122 32520
32521 33444 44444 44411 12223 32540
32541 33444 44444 41112 22333 32560
32561 44444 44444 44111 12233 32580
32581 34411 22222 33333 44444 32600

32601 44444 44444 44444 44444 32620
32621 44444 44444 44444 44111 32640
32641 12233 34444 44444 44444 32660
32661 11222 22344 44444 44444 32680
32681 44444 44444 41122 22222 32700

32701 22233 33444 44444 11222 32720
32721 22222 33444 44444 44444 32740
32741 44444 44441 11222 23334 32760
32761 44444 44444 44444 44444 32780
32781 44444 41112 23333 44444 32800

32801 44444 11112 22334 44444 32820
32821 41122 22333 33341 11223 32840
32841 33444 44444 41222 23333 32860
32861 44444 44444 44444 11122 32880
32881 34444 11112 22233 44112 32900

32901 22222 22233 34444 44444 32920
32921 11112 22333 34444 44444 32940
32941 44444 44411 11223 33344 32960
32961 44444 44444 44444 44444 32980
32981 44444 44444 44441 11223 33000

33001 33444 44444 44444 11112 33020
33021 22223 33344 41111 12222 33040
33041 22222 22222 22223 33344 33060
33061 44441 11122 22222 23444 33080
33081 11122 22222 22222 22344 33100

33101 44411 12222 22333 34444 33120
33121 44444 44411 11122 23333 33140
33141 44444 44444 11111 22222 33160
33161 33344 44444 44444 44412 33180
33181 22334 44444 44444 44444 33200

33201 44444 44444 44444 44444 33220
33221 44444 44441 12222 33344 33240
33241 44444 44444 44444 44444 33260
33261 44444 44444 44444 44112 33280
33281 22223 34444 44444 44444 33300

33301 44444 44112 22223 34444 33320
33321 44444 44444 44111 22223 33340
33341 30000 00000 00000 00000 33360
33361 00000 00000 00000 00000 33380
33381 00000 00000 00000 00000 33400

33401 00000 00000 00000 00000 33420
33421 00000 00000 00000 00000 33440
33441 00000 00000 00000 00000 33460
33461 00000 00000 00000 00000 33480
33481 00000 00000 00000 00000 33500

33501 00000 00000 00000 00000 33520
33521 00000 00000 00000 00000 33540
33541 00000 00000 00000 00011 33560
33561 11233 33444 44444 44111 33580
33581 12333 34111 11222 22222 33600

33601 22222 22233 44444 44444 33620
33621 44444 44411 11222 33344 33640
33641 44444 44444 44444 44444 33660
33661 44444 44444 44444 11112 33680
33681 22334 44441 12223 33300 33700

33701 00000 00000 00000 00000 33720
33721 00000 00000 00000 00000 33740
33741 00000 00000 00000 00000 33760
33761 00000 00000 00000 00000 33780
33781 00000 00000 00000 00000 33800

33801 00000 00000 00000 00000 33820
33821 00000 00000 00000 00000 33840
33841 00000 00000 00000 00000 33860
33861 00000 00000 00000 00000 33880
33881 00000 00000 00000 00000 33900

33901 00000 00000 00000 00000 33920
33921 00000 00000 00000 00000 33940
33941 00000 00000 00000 00000 33960
33961 00000 00000 00000 00000 33980
33981 00000 00000 00000 00000 34000

34001 00000 00000 00000 00000 34020
34021 00000 00000 00000 00000 34040
34041 00000 00000 00000 00000 34060
34061 00000 00000 00000 00000 34080
34081 11111 12222 33344 44444 34100

34101 44444 44444 44444 44444 34120
34121 44444 44444 44444 44444 34140
34141 44444 44444 44441 22222 34160
34161 23344 44444 44444 44444 34180
34181 44444 44444 44444 44444 34200

34201 44441 12222 23344 41122 34220
34221 22223 44444 44444 44444 34240
34241 44111 22223 34444 44444 34260
34261 44444 44111 12223 34444 34280
34281 44444 44444 44411 12222 34300

34301 22222 22344 44444 44441 34320
34321 11222 23344 41112 22333 34340
34341 34444 44444 44441 11222 34360
34361 23300 00000 00000 00000 34380
34381 00000 00000 00000 00000 34400

34401 00000 00000 00000 00000 34420
34421 00000 00000 00000 00000 34440
34441 00000 00000 00000 00000 34460
34461 00000 00000 00000 00000 34480
34481 00000 00000 00000 00000 34500

34501 00000 00000 00000 00000 34520
34521 00000 00000 00000 00000 34540
34541 00000 00000 00000 00000 34560
34561 00000 00000 00000 00000 34580
34581 00000 00000 00000 00000 34600

34601 00000 00000 00000 00000 34620
34621 00000 00000 00000 00000 34640
34641 00000 00000 00000 00000 34660
34661 00000 00000 00000 00000 34680
34681 00000 00000 00000 00000 34700

34701 00000 00000 00000 00000 34720
34721 00000 00000 00000 00000 34740
34741 00000 00000 00000 00000 34760
34761 00000 00000 00000 00000 34780
34781 00000 00000 00000 00000 34800

34801 00000 00000 00000 00000 34820
34821 00000 00000 00000 00000 34840
34841 00000 00000 00000 00000 34860
34861 00000 00000 00000 00000 34880
34881 00000 00000 00000 00000 34900

34901 00000 00000 00000 00000 34920
34921 00000 00000 00000 00000 34940
34941 00000 00000 00000 00000 34960
34961 00000 00000 00000 00000 34980
34981 00000 00000 00000 00000 35000

35001 00000 00000 00000 00000 35020
35021 00000 00000 00000 00000 35040
35041 00000 00000 00000 00000 35060
35061 00000 00000 00000 00000 35080
35081 00000 00000 00000 00000 35100

35101 00000 00000 00000 00000 35120
35121 00000 00000 00000 00000 35140
35141 00000 00000 00000 00000 35160
35161 00000 00000 00000 00000 35180
35181 00000 00000 00000 00000 35200

35201 00000 00000 00000 00000 35220
35221 00000 00000 00000 00000 35240
35241 00000 00000 00000 00000 35260
35261 00000 00000 00000 00000 35280
35281 00000 00000 00000 00000 35300

35301 00000 00000 00000 00000 35320
35321 00000 00000 00000 00000 35340
35341 00000 00000 00000 00000 35360
35361 00000 00000 00000 00000 35380
35381 00000 00000 00000 00000 35400

35401 00000 00000 00000 00000 35420
35421 00000 00000 00000 00000 35440
35441 00000 00000 00000 00000 35460
35461 00000 00000 00000 00000 35480
35481 00000 00000 00000 00000 35500

35501 00000 00000 00000 00000 35520
35521 00000 00000 00000 00000 35540
35541 00000 00000 00000 00000 35560
35561 00000 00000 00000 00000 35580
35581 00000 00000 00000 00000 35600

35601 00000 00000 00000 00000 35620
35621 00000 00000 00000 00000 35640
35641 00000 00000 00000 00000 35660
35661 00000 00000 00000 00000 35680
35681 00000 00000 00000 00000 35700

35701 00000 00000 00000 00000 35720
35721 00000 00000 00000 00000 35740
35741 00000 00000 00000 00000 35760
35761 00000 00000 00000 00000 35780
35781 00000 00000 00000 00000 35800

35801 00000 00000 00000 00000 35820
35821 00000 00000 00000 00000 35840
35841 00000 00000 00000 00000 35860
35861 00000 00000 00000 00000 35880
35881 00000 00000 00000 00000 35900

35901 00000 00000 00000 00000 35920
35921 00000 00000 00000 00000 35940
35941 00000 00000 00000 00000 35960
35961 00000 00000 00000 00000 35980
35981 00000 00000 00000 00000 36000

36001 00000 00000 00000 00000 36020
36021 00000 00000 00000 00000 36040
36041 00000 00000 00000 00000 36060
36061 00000 00000 00000 00000 36080
36081 00000 00000 00000 00000 36100

36101 00000 00000 00000 00000 36120
36121 00000 00000 00000 00000 36140
36141 00000 00000 00000 00000 36160
36161 00000 00000 00000 00000 36180
36181 00000 00000 00000 00000 36200

36201 00000 00000 00000 00000 36220
36221 00000 00000 00000 00000 36240
36241 00000 00000 00000 00000 36260
36261 00000 00000 00000 00000 36280
36281 00000 00000 00000 00000 36300

36301 00000 00000 00000 00000 36320
36321 00000 00000 00000 00000 36340
36341 00000 00000 00000 00000 36360
36361 00000 00000 00000 00000 36380
36381 00000 00000 00000 00000 36400

36401 00000 00000 00000 00000 36420
36421 00000 00000 00000 00000 36440
36441 00000 00000 00000 00000 36460
36461 00000 00000 00000 00000 36480
36481 00000 00000 00000 00000 36500

36501 00000 00000 00000 00000 36520
36521 00000 00000 00000 00000 36540
36541 00000 00000 00000 00000 36560
36561 00000 00000 00000 00000 36580
36581 00000 00000 00000 00000 36600

36601 00000 00000 00000 00000 36620
36621 00000 00000 00000 00000 36640
36641 00000 00000 00000 00000 36660
36661 00000 00000 00000 00000 36680
36681 00000 00000 00000 00000 36700

36701 00000 00000 00000 00000 36720
36721 00000 00000 00000 00000 36740
36741 00000 00000 00000 00000 36760
36761 00000 00000 00000 00000 36780
36781 00000 00000 00000 00000 36800

36801 00000 00000 00000 00000 36820
36821 00000 00000 00000 00000 36840
36841 00000 00000 00000 00000 36860
36861 00000 00000 00000 00000 36880
36881 00000 00000 00000 00000 36900

36901 00000 00000 00000 00000 36920
36921 00000 00000 00000 00000 36940
36941 00000 00000 00000 00000 36960
36961 00000 00000 00000 00000 36980
36981 00000 00000 00000 00000 37000

37001 00000 00000 00000 00000 37020
37021 00000 00000 00000 00000 37040
37041 00000 00000 00000 00000 37060
37061 00000 00000 00000 00000 37080
37081 00000 00000 00000 00000 37100

37101 00000 00000 00000 00000 37120
37121 00000 00000 00000 00000 37140
37141 00000 00000 00000 00000 37160
37161 00000 00000 00000 00000 37180
37181 00000 00000 00000 00000 37200

37201 00000 00000 00000 00000 37220
37221 00000 00000 00000 00000 37240
37241 00000 00000 00000 00000 37260
37261 00000 00000 00000 00000 37280
37281 00000 00000 00000 00000 37300

37301 00000 00000 00000 00000 37320
37321 00000 00000 00000 00000 37340
37341 00000 00000 00000 00000 37360
37361 00000 00000 00000 00000 37380
37381 00000 00000 00000 00000 37400

37401 00000 00000 00000 00000 37420
37421 00000 00000 00000 00000 37440
37441 00000 00000 00000 00000 37460
37461 00000 00000 00000 00000 37480
37481 00000 00000 00000 00000 37500

37501 00000 00000 00000 00000 37520
37521 00000 00000 00000 00000 37540
37541 00000 00000 00000 00000 37560
37561 00000 00000 00000 00000 37580
37581 00000 00000 00000 00000 37600

37601 00000 00000 00000 00000 37620
37621 00000 00000 00000 00000 37640
37641 00000 00000 00000 00000 37660
37661 00000 00000 00000 00000 37680
37681 00000 00000 00000 00000 37700

37701 00000 00000 00000 00000 37720
37721 00000 00000 00000 00000 37740
37741 00000 00000 00000 00000 37760
37761 00000 00000 00000 00000 37780
37781 00000 00000 00000 00000 37800

37801 00000 00000 00000 00000 37820
37821 00000 00000 00000 00000 37840
37841 00000 00000 00000 00000 37860
37861 00000 00000 00000 00000 37880
37881 00000 00000 00000 00000 37900

37901 00000 00000 00000 00000 37920
37921 00000 00000 00000 00000 37940
37941 00000 00000 00000 00000 37960
37961 00000 00000 00000 00000 37980
37981 00000 00000 00000 00000 38000

