228	5	asc
0.327520068441	0.0794740895465	0.0284750658024	0.702697941928	0.726074183377
0.0311161371836	0.0100198640596	0.00565433158115	0.170477886032	0.174770786319
0.405652173913	0.0	0.0	0.845652173913	0.824927536232
0.0193327812195	0.00662311101729	0.00152372601079	0.102085808599	0.10444920778
0.238439577742	0.162642437046	0.351222790913	0.526429301697	0.565089744452
0.598621929082	0.119305717282	0.244968744897	0.789315987326	0.848651680316
0.296523783272	0.0144582323511	0.00203871477756	0.723436898657	0.714158666098
0.61107958751	0.134099396404	0.213370060695	0.925592667749	0.947585302259
0.20760260734	0.108706937275	0.00138171020597	0.604478748311	0.644307821155
0.0673123882123	0.0112081626952	0.00788877325296	0.308082163083	0.314240452152
0.0103192681796	0.00495995892031	0.0298798677017	0.0679499877381	0.0691113756868
0.101494749267	0.0202336837829	0.00221900632909	0.417418188039	0.42749075798
0.282506969681	0.0196333272454	0.00155003804639	0.717583799961	0.739528093021
0.704515727616	0.537894162884	0.644849460818	0.725187375041	0.81256240983
0.0402228390798	0.0255752038814	0.0299888550051	0.265401658217	0.290942398267
0.209988892496	0.165738524107	0.357265254721	0.471671298988	0.511340370787
0.0725550274306	0.0758530389635	0.457713997387	0.25957849526	0.280123398656
0.153532096853	0.0295395856119	0.0847669066715	0.440490566898	0.459761210354
0.126312701343	0.0223131199127	0.00226569448908	0.529206437002	0.537237740023
0.238228808461	0.0385130111314	0.1204804097	0.623366980056	0.638739915104
0.594948959458	0.1137836755	0.175179176978	0.822978010866	0.867076053776
0.758666822035	0.142644309123	0.251903335601	0.920142616995	0.945397591972
0.767485067264	0.287043004047	0.233624287936	0.86723566038	0.903874494879
0.0511076298273	0.00772202877269	0.0412972346006	0.160618440789	0.165838549201
0.146446229088	0.0137619969737	0.00487438013823	0.540388858956	0.555903969048
0.0832760308216	0.0202815601268	0.00573999187721	0.225681004063	0.231856357701
0.240347153375	0.0540167850206	0.0175965742628	0.545318630213	0.56448793551
0.154440045392	0.0194366400464	0.0418492111909	0.440118940409	0.456198651787
0.222594254113	0.0253911935361	0.0705791858374	0.622537271527	0.632542962997
0.518097851781	0.0597995918038	0.0	0.836836825294	0.861201757319
0.102278709709	0.041432379786	0.00883115231342	0.311209484231	0.312877532611
0.318700507776	0.178555099689	0.347341609849	0.631793492952	0.661518738418
0.706601408279	0.165830348681	0.127247246652	0.865178978984	0.919693140952
0.412018737014	0.0469071681374	0.0540092904938	0.893173886681	0.906662976671
0.780153316265	0.155844757159	0.0426401579851	0.951126601441	0.970331486724
0.441530406481	0.192063408638	0.0204430040834	0.837220448384	0.866431506887
0.754817881223	0.150869311858	0.148443306728	0.931710225934	0.947259447894
0.142901926159	0.0975545583627	0.00814167679393	0.575756108381	0.599739665503
0.168179693134	0.0817826109743	0.0158817189482	0.556196766927	0.588940996806
0.0785675372196	0.0275874151931	0.0498296573786	0.229863977285	0.233322221319
0.438577594161	0.0561900547736	0.00133084079038	0.789436416823	0.803481553568
0.510351228261	0.0448496597669	0.00191932563192	0.884881671909	0.898444964828
0.421477456072	0.0338201073138	0.00188318600726	0.801919845989	0.81114757505
0.223338395756	0.0226420468878	0.0110979857237	0.550186759139	0.551760695102
0.849669161281	0.640132829352	0.611469491773	0.802968689875	0.938814221467
0.38191851622	0.210238050098	0.365634815666	0.645360803934	0.690853342355
0.0940372019537	0.108591822024	0.538428948969	0.30491957805	0.330232424414
0.121037126569	0.0326601759365	0.00984272838641	0.383392919776	0.388385416498
0.279277131594	0.0934173503651	0.0165566367557	0.593372557747	0.607678630968
0.521959903036	0.0866896206782	0.0865210865619	0.829377414664	0.849717420704
0.247136317806	0.230473213127	0.334614741002	0.57301383714	0.604080151587
0.155214324599	0.0804692551504	0.00368192651601	0.539744194849	0.524576816752
0.190611917235	0.05456303513	0.00411861510648	0.541939125772	0.537355141408
0.21073460026	0.128486773837	0.0160301026593	0.641024175485	0.633884431848
0.311840393356	0.0638850330122	0.00133228226778	0.617421303034	0.60867596973
0.411974972122	0.0847557472883	0.00180415854744	0.833683445782	0.816674175781
0.17422907787	0.0606332453826	0.0	0.609781476219	0.616706582775
0.175600361461	0.06414259958	0.0236954152364	0.542605182397	0.581161390024
0.238997456868	0.213768134708	0.00413323734002	0.769895736757	0.873496004019
0.100093209384	0.0349583659905	0.00677428157765	0.430258490027	0.465391835672
0.139796306506	0.0178947842103	0.00587884352178	0.379815263031	0.399650416545
0.284660565022	0.0214352682069	0.0218214121637	0.726009469619	0.753987524662
0.0254363830688	0.0040215748754	0.00777301195322	0.112456642233	0.114852384159
0.0278491774437	0.0440207887215	0.139235141187	0.472157777599	0.493753538745
0.497646623891	0.149293613403	0.255540837344	0.784278864049	0.857781152812
0.757548813577	0.0607564758591	0.0877337803902	0.777485502813	0.943465845129
0.155907632744	0.00369554962124	0.0250742598013	0.638786423677	0.689074093568
0.143323860203	0.00658716542282	0.00162544897911	0.507152199539	0.531902873059
0.179081250967	0.0126030559163	0.00261439648807	0.553519282132	0.574634289085
0.25883191146	0.0209838699061	0.070505704814	0.550716648046	0.665825868168
0.120741038384	0.00548618179115	0.00728108075886	0.49052065648	0.518611217208
0.131896406575	0.00754646524384	0.00714374373141	0.490092062713	0.515893831755
0.210122280457	0.00459227971836	0.0207917082917	0.564602334505	0.588706022604
0.654446436598	0.0260352435918	0.0282164477779	0.864675657531	0.95664532525
0.343820517121	0.00262298106217	0.00600089156103	0.802135519935	0.879177530961
0.214625918961	0.00578013567031	0.00222486540185	0.640712419051	0.702404151515
0.191499745663	0.00683019796677	0.00257023340286	0.579386876358	0.614029534726
0.368487808706	0.0118375256837	0.0442264633437	0.789641225453	0.83337974079
0.46422973556	0.0265793280743	0.00169752658848	0.825283646748	0.865797189359
0.303679669	0.0143582100715	0.0016255773724	0.689505923077	0.723322409457
0.0592797699107	0.00592302758422	0.0606806775631	0.245064717352	0.240632802437
0.259075984936	0.0938935798886	0.00327492344335	0.637713727887	0.681138072786
0.127044593994	0.00814130393921	0.00563530521126	0.455669012718	0.477960666783
0.0265042068767	0.00474561513807	0.0330927265348	0.134746597982	0.139479690263
0.0366277945672	0.00963159532002	0.0305762387167	0.169633879549	0.177380765346
0.218615766368	0.00373964497041	0.000524145829357	0.588075968696	0.613332887956
0.152128255274	0.00926102363521	0.00971860060843	0.483153018754	0.485985608264
0.360918098914	0.00141119562053	0.00072436640766	0.779350281884	0.847010568242
0.161553459128	0.0389009458789	0.110496903019	0.566696183652	0.617024715525
0.241173721704	0.02168044067	0.0132804450855	0.586435121133	0.669590974655
0.0950612372228	0.0103883939838	0.0381632356493	0.350433831394	0.391145058115
0.116180266031	0.0056935321974	0.00129864179894	0.497329551528	0.512199930306
0.788174845458	0.571520056495	0.515805982571	0.727760885732	0.928681857989
0.0629698939462	0.00382416160937	0.0515887487546	0.253943184481	0.261230263154
0.294277526156	0.146456414634	0.333273184153	0.782348012562	0.835202617093
0.052965541184	0.05933640657	0.416499269044	0.270482438969	0.296686548446
0.240504841793	0.025103575294	0.0428611140565	0.504905795918	0.562960500486
0.316766512284	0.00564777990334	0.0932220797854	0.703093760788	0.76597964372
0.28978674049	0.12398176831	0.30286988133	0.831244641277	0.858528101264
0.723067995217	0.0401292201025	0.1237700548	0.802574060224	0.953691589549
0.772992029592	0.0351743639374	0.160992316574	0.715423372339	0.964704371493
0.143255417515	0.0131313248084	0.0372343732767	0.41237165261	0.423884838769
0.204746099673	0.0252485089463	0.00700374027024	0.660412103649	0.672837550965
0.115050327516	0.0113788346673	0.0509022929616	0.445898017632	0.449131551777
0.108778330586	0.0343776137118	0.0011320959714	0.528207716292	0.567616212803
0.119634064864	0.0110342960038	0.0110695532894	0.489784567956	0.502169518881
0.369465474681	0.00275620559607	0.00418308347814	0.695719531693	0.781538878702
0.257747498642	0.0157321815333	0.11728865115	0.634794513138	0.724333647498
0.133355232266	0.0150819161163	0.010317151634	0.385726127644	0.409787210889
0.360928723762	0.0412072865817	0.0107080416842	0.695421551856	0.76597172178
0.372416819254	0.00689668722341	0.0763439043845	0.725858771817	0.752876875423
0.321198792298	0.0949583215537	0.146100485994	0.485082286018	0.555229112129
0.205530345249	0.0	0.00101255871348	0.681799485179	0.699730316058
0.247310713085	0.00360887497449	0.0593680019905	0.654847717453	0.701991237553
0.0412790713783	0.0125905320263	0.0280785564471	0.291594565446	0.307617400713
0.318903519878	0.0317015911201	0.0	0.791043091078	0.793381499536
0.588851288567	0.0792675284488	0.023974887019	0.890827970605	0.938136666364
0.368720864047	0.0401929127412	0.0113257475679	0.762259191549	0.795627338782
0.645655270655	0.0	0.0	0.78433048433	0.801353276353
0.223098116177	0.0484892551602	0.00889183287901	0.597408968019	0.600362930054
0.0211318892812	0.122022316774	0.160516697961	0.326664857064	0.360323308412
0.339920025934	0.0205391832537	0.0159441155852	0.708391463206	0.7368014958
0.247769137349	0.00932122307768	0.0231732200012	0.648651108609	0.73485805073
0.084329624614	0.0342162544063	0.0490629630999	0.247958160135	0.251756041091
0.175340058764	0.035604401075	0.0103412601849	0.626106547836	0.637331689093
0.0229968631269	0.00615886579695	0.0478262436035	0.0882380486556	0.08860532623
0.01333758917	0.0047554780735	0.0370752501658	0.0582465010644	0.0586183791686
0.414498377866	0.0345112638533	0.00165349013524	0.743092726473	0.761226617552
0.457887065171	0.0206054867672	0.00232805101294	0.808164326105	0.845367435377
0.67152128914	0.340941640263	0.473976826027	0.675158604176	0.830760120766
0.0224426321819	0.128697240245	0.154284876901	0.349608557064	0.387094877975
0.0502699374303	0.0393549496618	0.547121991832	0.245828684275	0.251030399747
0.210142694266	0.0463621532678	0.00693802208043	0.733153019024	0.747987072806
0.357201855753	0.124727041889	0.0414363711373	0.823485212122	0.868926452246
0.438296567039	0.105109589747	0.0851742700597	0.764128646722	0.77472077788
0.203667873746	0.0212946904459	0.0460413095274	0.514240551566	0.518243389002
0.163331888483	0.0244968096982	0.0265346214865	0.386955838186	0.393448828597
0.252060418197	0.0314034216097	0.0113767442865	0.470778718624	0.488537607465
0.557711905402	0.0317897407917	0.0713389735956	0.806325266767	0.815830212759
0.291970961325	0.394717274162	0.335768916912	0.770934023348	0.795586007311
0.196082229499	0.0389820691753	0.00498847696976	0.670263780731	0.698477109554
0.275229790481	0.00938223424347	0.00580727895456	0.713987756143	0.722589344905
0.33623610502	0.0921871025403	0.0219641501734	0.757315211669	0.772700709512
0.326935953164	0.0125008114887	0.00192737210247	0.654363979292	0.665819006241
0.426601121986	0.00197273035753	0.00211793635614	0.83687417096	0.856536032681
0.270248347946	0.0219608690019	0.0	0.709994385177	0.701498725867
0.228255314415	0.127571448935	0.0227557271754	0.558286562157	0.622781145663
0.201840690414	0.219224988767	0.00418338730419	0.717094560047	0.809609395578
0.136988221815	0.174671354542	0.00811563156207	0.441582500751	0.527041615986
0.112826136223	0.0442859845715	0.00438400129737	0.326248668496	0.358716578985
0.39202276785	0.0154992218705	0.0294991080241	0.702621009245	0.792019975391
0.0387239091929	0.0136358944242	0.0109632199935	0.147116765677	0.148689905759
0.0163602244655	0.268732939755	0.111501372342	0.367531099111	0.436418846737
0.178692020126	0.202510568357	0.155621784027	0.562626963279	0.61235866158
0.567713957681	0.102388814313	0.039246888895	0.849616274935	0.891006045812
0.119129748565	0.0205325280723	0.0163918781952	0.474925880996	0.516979578205
0.178865913114	0.0325457638917	0.00208113561142	0.521352474104	0.571425248698
0.281878274081	0.0616733702666	0.00357483459136	0.570972537389	0.652720867727
0.0676153392482	0.0348480161413	0.0184919035468	0.392629379618	0.404146109196
0.185205824024	0.0281588399644	0.00886702579583	0.538336946292	0.595626364891
0.193918729259	0.038393632389	0.00852686694231	0.545492014809	0.604466681994
0.172997719369	0.00838233801943	0.022195791349	0.452826842948	0.507066603841
0.176118688682	0.00661307236462	0.00685676280562	0.72760247315	0.777911792858
0.278665189061	0.00481971939485	0.00600089156103	0.626410143062	0.726353363862
0.284765202274	0.033283829593	0.00287585326173	0.623240941356	0.724254332815
0.221091048558	0.0281862307031	0.00353116008974	0.527930117283	0.601898690764
0.159149301178	0.022150724714	0.0202336597981	0.573225027099	0.630648699795
0.505914325108	0.0576729519821	0.00227694505686	0.674362649534	0.796023813237
0.379966966189	0.0568056141094	0.0030138941141	0.623924132516	0.717788017083
0.0782203628281	0.00866417080178	0.0751113537073	0.274375733591	0.271762624083
0.277787475776	0.173315114845	0.00347540974788	0.62569533075	0.69646662641
0.173602236357	0.0387507249304	0.00681367601683	0.508913690153	0.560334084358
0.042314840764	0.0260010315275	0.038406811757	0.175019493203	0.184623536099
0.057035082692	0.033858295836	0.0356693110561	0.211807504283	0.228773245973
0.179869722107	0.0214320688482	0.000509002990393	0.480319012092	0.527975207444
0.251162752811	0.0156828169839	0.0166330549567	0.626044155429	0.631652699206
0.321960907966	0.0154623628643	0.000667185334718	0.617667958767	0.708841576614
0.211180202418	0.135715769454	0.134081677615	0.586999743718	0.688227830458
0.153653279095	0.017222914254	0.0107705557772	0.472011395817	0.53887837325
0.0487843810962	0.00704368334017	0.0290469381604	0.254199047307	0.279573043943
0.168848018885	0.0210611210102	0.00131059016513	0.523822829227	0.572189052289
0.746801912339	0.50783848869	0.432056679884	0.910662562461	0.91614369591
0.0779797838854	0.00709273470958	0.0520385199988	0.305187509384	0.319245914451
0.0224579474549	0.242559314289	0.113481255846	0.495054558723	0.650992574623
0.0463860906726	0.0921541097224	0.395566434659	0.1954260884	0.213846159308
0.210502804266	0.0474761606716	0.0364125032215	0.439978891302	0.47651411951
0.282441528186	0.0461075215755	0.0827516755417	0.641068559493	0.676560491645
0.0280146434647	0.29892119125	0.137337886729	0.481693658902	0.621682275412
0.283727023546	0.130286973226	0.040851472011	0.738086487656	0.789631136702
0.336101211538	0.0700303051033	0.0368185665069	0.762438009537	0.805270415233
0.181800602267	0.0138781356693	0.0406685071031	0.451607585667	0.464766844053
0.32848284415	0.0119411799445	0.00739532274257	0.633239827556	0.698953227426
0.160069719009	0.0141779048377	0.0621310773157	0.447618497078	0.476916327268
0.231753911634	0.0624894683131	0.00124794572939	0.628187196119	0.687734063783
0.20384426123	0.0127194502731	0.0156756458425	0.59671626671	0.650651825855
0.279751524276	0.0148542390541	0.00284987704249	0.578688394312	0.658842565816
0.223302434013	0.0439961616771	0.096716203997	0.536942320586	0.591541541849
0.100155316223	0.0314892902246	0.0093095297901	0.306610557246	0.327294436289
0.23374716978	0.0969553261051	0.00929478662272	0.547035588331	0.613353951006
0.244456851422	0.0215367553356	0.0766433957644	0.520396221964	0.574597138144
0.3279575594	0.213528911872	0.123557593973	0.591755852532	0.61858200451
0.126894159916	0.0149550613505	0.000984159195374	0.442462726703	0.454445904512
0.193116068778	0.0351390739547	0.0521731647811	0.57995165545	0.604959179693
0.0422452161518	0.00786755860753	0.0200851396237	0.224881478577	0.236848144961
