88	15	asc
0.990662963369	0.990374668455	0.989018306989	0.983413147734	0.99203076898	0.989060362661	0.676745234147	0.993885219319	0.994279135985	0.99318933304	0.990385242139	0.990648664075	0.823504818594	0.984417785261	0.990510357174
0.83602916693	0.8359635765	0.83370667721	0.817925628108	0.842608151545	0.834787339175	0.510686529662	0.855433719244	0.859413995005	0.848677787973	0.835930638631	0.902973346345	0.646285282028	0.820402985442	0.836043991063
0.999659900713	0.999596044519	0.999152253984	0.996517935783	0.999775802706	0.998971895268	0.576266714711	0.999815837937	0.999758187205	0.999786812395	0.999571422852	0.99978601169	0.526369204901	0.998299103211	0.999686724317
0.799360540766	0.806266888461	0.797607391265	0.802181876407	0.812367873358	0.80528047498	0.50236678683	0.824180731677	0.827879971571	0.817934722064	0.806265411399	0.80747830187	0.635231299018	0.792196853326	0.806340166601
0.941446689978	0.923436141482	0.938240443501	0.929576020215	0.930543973152	0.923545953768	0.598157917407	0.940711273613	0.942119460366	0.938362832407	0.922989242959	0.923151988759	0.82872253679	0.906876000978	0.923804630074
0.944115308986	0.954170215017	0.941042207541	0.935216676609	0.96092865686	0.95268462488	0.483153350518	0.972286009383	0.974260259025	0.96611120276	0.952972471831	0.955550565001	0.719318737545	0.939749553627	0.954775205812
0.995699591003	0.996708389682	0.994241897975	0.982147340495	0.998430801413	0.995713478514	0.539650154797	0.999122608934	0.999135020967	0.999166298839	0.996663528405	0.996933608385	0.651422336193	0.990947584492	0.996803541092
0.987789916215	0.988486970006	0.984442970861	0.973267997809	0.991957940751	0.986129712095	0.623741877508	0.99601887994	0.996193170752	0.994880631776	0.987615438026	0.989062050282	0.743307350436	0.976407171135	0.988779432979
0.990771266118	0.991097122586	0.98907804542	0.980047684463	0.992712771126	0.988181166642	0.639091946727	0.994872691267	0.99534459387	0.993894707865	0.991067958923	0.991369255937	0.668420520673	0.985152190176	0.991224282769
0.94411877834	0.9485255568	0.941939208222	0.943243447603	0.953422203965	0.944934027567	0.48091538854	0.961641999636	0.963864131703	0.957527252379	0.948503048533	0.94886077899	0.703095949861	0.935296279524	0.948668359434
0.712259357692	0.718666591933	0.710359827601	0.766694637954	0.726180780408	0.717231994218	0.499823506989	0.741443689923	0.746483541356	0.733281712753	0.718662943549	0.719968876838	0.765486323372	0.702263695409	0.718741483636
0.954199506338	0.960719565775	0.952336388333	0.937275880078	0.964467053212	0.957460208165	0.494282370294	0.968678786378	0.969666524004	0.967550440187	0.960698862397	0.961072036288	0.515865292511	0.94978288901	0.960866353316
0.984868661689	0.98834322738	0.983357702321	0.976986293095	0.990153758922	0.985272430015	0.575635561496	0.991896228256	0.992218725508	0.991462306121	0.988280552372	0.988688978634	0.545925023503	0.981801395923	0.988486219148
0.911398866733	0.929762971063	0.908768421737	0.909126303899	0.930097473562	0.919349275815	0.731058180996	0.940841430774	0.940759946199	0.914002756554	0.928110979591	0.923526710149	0.832383019318	0.906385428962	0.92965650391
0.975063960155	0.974824156126	0.9724005629	0.9717715593	0.97748198678	0.965569782177	0.649930846421	0.981469031139	0.982458246156	0.979469013068	0.974814903398	0.975238665048	0.807264239311	0.965569782177	0.97499734744
0.918626590033	0.897143901242	0.915629372628	0.910407529242	0.904845153658	0.898347989143	0.593760192368	0.916155964557	0.917728370357	0.913530030912	0.896743852479	0.896949141838	0.828130984968	0.879929325798	0.897574436425
0.780494480384	0.799564453076	0.778317761765	0.881289027932	0.807551871118	0.781858086489	0.548646449237	0.819631666821	0.823007594847	0.815502444574	0.799612951202	0.866690722589	0.85632358845	0.781858086489	0.79962966542
0.890336300907	0.904688201491	0.888244755704	0.924416558425	0.910178616278	0.901912546635	0.551628285993	0.9184589473	0.920671131818	0.91547285805	0.904682689512	0.904971576791	0.807718723169	0.891267470444	0.904797390495
0.971776006297	0.980124593157	0.969332235766	0.956497733399	0.983188040595	0.977679357221	0.523759819956	0.986951740883	0.987808893797	0.985532583347	0.979926733922	0.980244189546	0.517521313548	0.969130162152	0.9800382064
0.96819424623	0.975788520458	0.966629003424	0.960647192413	0.978758401944	0.973525831368	0.62478745898	0.983115057253	0.984196298401	0.981219193603	0.975662368296	0.806678563283	0.801933118816	0.966815064959	0.975871680858
0.960323354878	0.969853632036	0.957259887315	0.953285180521	0.974481987478	0.967433770503	0.432454685957	0.982126823175	0.983283368535	0.978944209229	0.969268816854	0.970486049068	0.674140064431	0.956771442383	0.970198781799
0.962061992397	0.982666988992	0.959873916283	0.967474142924	0.987544605512	0.975770062858	0.508572940956	0.992373713039	0.992797452783	0.990041218608	0.983531328936	0.98452057245	0.696599212132	0.972318683006	0.98399121904
0.939882605858	0.966280558098	0.937334152098	0.940582279842	0.975578696572	0.965023736428	0.619968254404	0.978823666386	0.979157792419	0.97301764965	0.967859245509	0.901926504051	0.64848878756	0.95591725356	0.971208275149
0.861188498039	0.865247104184	0.859208271089	0.940089691383	0.87144884217	0.863154837799	0.555200486504	0.882948774371	0.886521466592	0.877049387781	0.865246712262	0.865602050557	0.805434398721	0.850546734473	0.865337221666
0.93233894831	0.954237645947	0.929895955046	0.934105138021	0.959300767325	0.950847492351	0.428356173541	0.968560346121	0.970667925228	0.964792647146	0.95401984006	0.954472357315	0.511096517724	0.940821406729	0.954299801399
0.873359341851	0.872068770496	0.871087983211	0.880641038641	0.87865195121	0.870914268954	0.539862097879	0.889296189332	0.892443498462	0.884718718487	0.872080138519	0.872437895674	0.786472768435	0.857095459237	0.872160203293
0.973584006035	0.973092677138	0.971481212497	0.970702611742	0.976250640219	0.970715226982	0.605780148106	0.980468206513	0.981522143189	0.9788312528	0.973075588181	0.973359796605	0.76903313064	0.964000663406	0.973214976577
0.950761319961	0.950264165079	0.94885957913	0.961208937721	0.95353695222	0.948373216777	0.534804203022	0.958394537107	0.95975355077	0.956291362963	0.950251199594	0.950589646246	0.81545242867	0.941329595676	0.950368471338
0.965035123151	0.971683612474	0.963285846247	0.949006929911	0.97463011144	0.970123977376	0.52995315229	0.978940251236	0.980010828898	0.977068328328	0.971593561354	0.812060209257	0.701642435161	0.96245351644	0.971775291962
0.993257144762	0.994677558675	0.992312602726	0.991480509416	0.995386156993	0.99381130367	0.723806728012	0.99621997551	0.996375584245	0.995871231178	0.994711135342	0.994869676489	0.470470112324	0.991480509416	0.994757058741
0.974398275307	0.977044765149	0.972355205979	0.956442633268	0.97942843039	0.974791487477	0.709966556651	0.982828011718	0.983717761088	0.981259538702	0.977576754451	0.893842836294	0.715285601817	0.96874320802	0.977100366162
0.999018648066	0.998984889629	0.998493551589	0.995352212646	0.999177807454	0.998338990333	0.891851421292	0.999279773939	0.999307791986	0.999109563028	0.998977941502	0.999141742676	0.935450442276	0.997565863928	0.99907855474
0.928956137387	0.932494814418	0.926425338475	0.895288854541	0.936440464284	0.929940656508	0.695245495879	0.94110109155	0.942294926284	0.93958178718	0.933163885055	0.945808455814	0.653738402297	0.921043735755	0.932709336555
0.915345743503	0.94837222422	0.9135217658	0.936998421514	0.952142940703	0.946019731773	0.59462401698	0.957346082768	0.958785312346	0.955282628172	0.948532960814	0.948686856826	0.64557434016	0.937809048608	0.948515782866
0.994980649787	0.995307080726	0.993585484428	0.978969356752	0.996147515407	0.992866573847	0.715345648686	0.996911485459	0.9970590946	0.996592542296	0.99583346162	0.995644131818	0.74135340872	0.991000158746	0.995463402362
0.869017741483	0.870367884368	0.86667363086	0.870446666346	0.87681162888	0.869074210845	0.527209285182	0.890027660607	0.894251002989	0.882773494865	0.870386014066	0.870519680127	0.703369221968	0.855350912874	0.870414223335
0.960739058638	0.962475005918	0.957302101363	0.951452461547	0.966899091686	0.960572346248	0.597941604919	0.970327699851	0.970868317465	0.970102007994	0.962906871854	0.962268868525	0.829693489191	0.94853020659	0.962790820088
0.984261771637	0.984204675085	0.981127446882	0.967277054699	0.987482225454	0.980666302819	0.661928576336	0.990180622014	0.990513284441	0.987737305827	0.982452994037	0.983425284852	0.815073075055	0.972096979744	0.984045487429
0.960074303278	0.984024678015	0.957524044436	0.967750236703	0.990780870547	0.977219074149	0.531863074091	0.99215308517	0.993626591538	0.976699576102	0.987856596453	0.987881068179	0.570974394154	0.974259293708	0.984450233721
0.987879463389	0.988382467665	0.985109718814	0.968617242974	0.990604514949	0.983731144337	0.494392674153	0.992459359825	0.992854158396	0.991596211494	0.988465395298	0.989005089521	0.649808325449	0.979374765273	0.988647822805
0.980828045026	0.981391118551	0.978422505697	0.96188571216	0.984179005857	0.977679542901	0.596285099656	0.987820928609	0.988669014256	0.98614225269	0.981696504803	0.981786241744	0.650662629405	0.972055621423	0.98155294515
0.980208563812	0.982141932251	0.978281196038	0.956282860718	0.984035446422	0.979042932576	0.674412555817	0.986595043875	0.987233533318	0.98537254779	0.982609459639	0.982495955303	0.570144355051	0.975077283234	0.982301604598
0.923861023164	0.932444992595	0.920833868069	0.903190049371	0.938464819295	0.927386332119	0.50548748614	0.947941811809	0.950403435201	0.941760886128	0.933443795718	0.933009645194	0.693521035121	0.917379530119	0.932507697461
0.977167413065	0.978110118304	0.974592757219	0.953465648564	0.981132747596	0.973834522052	0.580718934507	0.984952830005	0.985877992159	0.983256546214	0.978617046523	0.978546510264	0.686758562061	0.968097941421	0.978300725699
0.97540553549	0.976472035535	0.973018682984	0.953671158216	0.97948654481	0.972778943926	0.59019498078	0.983613394594	0.984634825159	0.981695686535	0.977080628639	0.976859171876	0.677792394698	0.966827425817	0.976643557464
0.961538241036	0.970524138017	0.959698572685	0.961371345505	0.97292180048	0.967832197328	0.549377504258	0.975090597602	0.975561232865	0.974756659246	0.970596453682	0.970837380395	0.682125638076	0.962703257107	0.970645342765
0.996013871413	0.995408321185	0.992805542257	0.984711224261	0.997259161832	0.989979140447	0.607472738925	0.997856681159	0.998005205291	0.994719222963	0.995714490575	0.996588166414	0.618790604857	0.986775996198	0.995690727474
0.998973683463	0.998981844231	0.998024983744	0.988309997222	0.999297358235	0.996382895584	0.572386838998	0.999420377951	0.999430749681	0.999178625373	0.998868483057	0.999276617863	0.592083512729	0.996464850966	0.999063837435
0.995343570772	0.995160856661	0.993205010552	0.976904629425	0.996530946549	0.991090860951	0.622023273593	0.997677944546	0.997889479517	0.997085050347	0.995418192403	0.99563372656	0.639535005891	0.988574561341	0.995359245014
0.984118183425	0.984352244278	0.981923342117	0.962796691552	0.986439574153	0.981115260573	0.607663177017	0.988921050715	0.989495437533	0.987756971299	0.984522486385	0.984754082054	0.676209158065	0.976513261587	0.984520355453
0.982247528653	0.983236321936	0.979894766699	0.970613390999	0.985344398412	0.97955903033	0.630030576737	0.987379873183	0.987758833876	0.986443006574	0.982954881797	0.983753800805	0.691677465006	0.975064364541	0.983415425416
0.996905857851	0.997108667134	0.996231285808	0.984704873403	0.997474669238	0.995314624037	0.81062692225	0.997857672588	0.997942043273	0.997621129629	0.997160548972	0.997289523003	0.623493903262	0.995085078737	0.997176895981
0.99018367357	0.991168474639	0.988926074215	0.971822644988	0.992205269111	0.990001982821	0.697665138219	0.993537836651	0.993865446929	0.992871090314	0.991201190871	0.991415639788	0.56575532419	0.986833409235	0.991271732644
0.923977770901	0.933675071625	0.921630055279	0.953886921614	0.938029199613	0.934893044741	0.548472918458	0.946136727339	0.948506822392	0.941721146439	0.933742689987	0.93397772235	0.789901612523	0.921954039387	0.93381103115
0.99049112237	0.993404103225	0.989230706375	0.968311587531	0.994508386176	0.991285689577	0.689896280974	0.995798707704	0.996092916677	0.995201732543	0.99361866653	0.993687440928	0.639698351009	0.988618035743	0.993528896193
0.970755245629	0.972012047071	0.968456101001	0.946553823538	0.975145558002	0.969259513223	0.581685725542	0.979674558592	0.980849037206	0.977530917855	0.972589677098	0.972367025114	0.668382220813	0.96232394778	0.97217255696
0.733665950914	0.769970191463	0.731469215217	0.842593700498	0.777292280302	0.76902673585	0.539596798588	0.790105881402	0.794172539514	0.784252927405	0.770085943416	0.770121472356	0.780620967314	0.753830904104	0.770039067417
0.762349295871	0.791170652162	0.760214275843	0.839865240056	0.797909663592	0.790147799569	0.561806754539	0.809366367189	0.812959765416	0.804280597913	0.791294373317	0.791341792918	0.755792622803	0.776009467103	0.791247883206
0.982991246793	0.990134660718	0.981733059638	0.957480462941	0.991437431027	0.987795353152	0.530476341163	0.992671671298	0.992946363532	0.992314978009	0.990236724609	0.990425881995	0.473245268447	0.984785660383	0.990258435228
0.968967554987	0.979312126915	0.967619982534	0.978787105941	0.980862412209	0.978211612713	0.576553492315	0.983249028028	0.983909580759	0.982051705535	0.979524070559	0.979544287315	0.736526736564	0.973958571505	0.979412626998
0.998671819326	0.999032462762	0.99787623863	0.991944168268	0.999383227634	0.997048470956	0.563964795345	0.999528694374	0.999548751199	0.999399758186	0.999039458637	0.999281603502	0.534566000675	0.996732701786	0.999126544452
0.990640030163	0.991473899507	0.988423793174	0.987422000269	0.993225620655	0.988435166183	0.777259046428	0.994742050526	0.995017322814	0.994192883074	0.991841569799	0.989465204038	0.895410384265	0.984075181643	0.991689566117
0.949360019448	0.951956159065	0.947660490143	0.968430689543	0.954284609916	0.951539215565	0.69722920174	0.956891760553	0.957561543508	0.955876867978	0.951884919425	0.952322751167	0.726508857701	0.944839025788	0.952141656316
0.833189083621	0.851024059517	0.831062655532	0.921702421615	0.855837759017	0.854614387421	0.587807464231	0.861662577376	0.863215021513	0.860086427057	0.85096356449	0.851338377853	0.797608574705	0.838983173198	0.851151326533
0.968989201784	0.974317138223	0.966851125897	0.937155474797	0.976884211735	0.97147738547	0.528602795398	0.980146156205	0.98098802339	0.978848004838	0.975218386164	0.971985780661	0.58557337552	0.965769837901	0.974483129934
0.976668806539	0.976097212909	0.973437526969	0.964009090081	0.98276908893	0.974612506099	0.819285147846	0.986655149315	0.987789275318	0.955684009056	0.984348078457	0.978985448365	0.823622335303	0.964681017594	0.980058759623
0.862347526361	0.880784656884	0.859981462682	0.920971399221	0.886509926812	0.878470463856	0.523413690166	0.895053685626	0.897537323989	0.891622456756	0.881741751102	0.881046724433	0.785331792851	0.866700351187	0.880897640611
0.985955552841	0.984343039486	0.981945002425	0.968786539904	0.98871690915	0.981753714048	0.716112276284	0.991763612163	0.991881485159	0.990400066897	0.986535791458	0.984503777651	0.877518980414	0.969850253875	0.985316450414
0.832981500897	0.867165770737	0.830560535925	0.924876923072	0.873478371681	0.851729131602	0.59336885818	0.88374107696	0.886786459197	0.87919481515	0.867020927679	0.888766886194	0.844272927129	0.851729131602	0.867220933573
0.923669837862	0.927937333501	0.921728572444	0.929819204542	0.931496334913	0.925638791645	0.519931134516	0.936571448207	0.938028220873	0.934286090118	0.92865955699	0.928283237331	0.763156406889	0.918508935075	0.928128832177
0.988935102367	0.992460626746	0.987690201738	0.972056491619	0.993729300831	0.990179005124	0.595139299961	0.995196764396	0.995532752082	0.994494655296	0.992469216659	0.820655600018	0.799148395012	0.98764135808	0.992591067807
0.991108303593	0.990139564638	0.987390268477	0.975410542346	0.99311748934	0.986927547369	0.706513646435	0.994981477099	0.995066143519	0.994498576958	0.990953325176	0.990167004117	0.870250484185	0.977815797442	0.990706946941
0.994215725861	0.993984124588	0.991952013824	0.984976671751	0.995621050925	0.990319387949	0.509134790211	0.996014495391	0.996355537108	0.991536018135	0.994891125818	0.995168483463	0.702368497604	0.988072437045	0.994669182985
0.995658645242	0.994731183077	0.993422230459	0.984500087157	0.996827740621	0.991052013854	0.526821909014	0.997353173426	0.997685638124	0.987619562955	0.995777971425	0.996291023036	0.713099400326	0.98920925605	0.995435135092
0.945069034144	0.951308927264	0.943019002337	0.960823719419	0.954622823774	0.950342987435	0.495747228933	0.960040997861	0.961576831399	0.957417510829	0.951803421599	0.951590234602	0.751680480256	0.941772534439	0.951433773716
0.976225904497	0.980181543292	0.974823393314	0.941921101551	0.9816522386	0.97789009825	0.68900000159	0.983359179371	0.983753549095	0.982723270452	0.980273205358	0.980445011759	0.636740420893	0.974923190565	0.980288524129
0.962228792273	0.968574881423	0.960315450125	0.976922835759	0.971192589962	0.967134548239	0.647411640481	0.975503598149	0.97667273498	0.973273882575	0.968662031843	0.966647216167	0.82513264591	0.960415878061	0.96870009917
0.971152213454	0.974293102656	0.969254110423	0.960053637399	0.976344823996	0.972378536532	0.696221039973	0.979116877101	0.979849760717	0.977887693207	0.976092356219	0.974638206972	0.695012964269	0.966982586427	0.97449119976
0.974952226331	0.979238184601	0.972874641686	0.956531322508	0.981589427991	0.976762548956	0.646514827552	0.984631359216	0.985386744123	0.983344529253	0.980362352003	0.979591746683	0.731317645187	0.971100779405	0.979397537192
0.988774147577	0.99034784875	0.987581521889	0.977458510838	0.991387034619	0.987983463677	0.407131014699	0.992334144347	0.992570089781	0.991619187572	0.990388335915	0.990715203923	0.545390904339	0.986443660042	0.990502421721
0.979708827639	0.982718671729	0.977910757991	0.976268560091	0.984831595741	0.980373232057	0.547125643824	0.987649143621	0.988408154576	0.985971561294	0.982837897137	0.963990719062	0.843862895616	0.975839176671	0.98296690353
0.951214411502	0.962815605251	0.949199034272	0.955964395393	0.966356629386	0.961096579472	0.592236692061	0.971264658835	0.972596817914	0.969270517418	0.96288993869	0.96312452783	0.793204597703	0.952783478387	0.962959370125
0.994213182426	0.995770698765	0.993037580578	0.989596429867	0.99660039059	0.994017234539	0.71377105225	0.997325397359	0.997473591203	0.996983185085	0.995748189194	0.996046110204	0.785891345417	0.991838449455	0.9958994173
0.986262231569	0.988536479634	0.985610551896	0.988648820583	0.989462839095	0.987215232898	0.626856663965	0.990728405305	0.991067584643	0.990136271567	0.98849535933	0.988715723325	0.864898753134	0.985308584346	0.988602387681
0.883480682167	0.889681209542	0.880726673972	0.893778602028	0.895831116411	0.891002299055	0.622358665855	0.903601568112	0.905667008466	0.899060859117	0.892673587206	0.890401892741	0.720271905763	0.875246018359	0.890825756695
0.991166750459	0.990753263051	0.989241007667	0.939494777826	0.992321034551	0.972719886004	0.446796423359	0.994287399454	0.994713891883	0.993246792681	0.990682691458	0.991142178299	0.436758968795	0.984222873735	0.990900262855
0.978366012971	0.983077741987	0.976933471763	0.952548128508	0.984765995637	0.980809283228	0.512819001673	0.98715885692	0.987798552713	0.986023415662	0.983075709689	0.817419777235	0.706490921614	0.977106428064	0.983183537129
0.882864371888	0.883425497516	0.88027242693	0.874420908108	0.88945402942	0.881308029534	0.511882500252	0.90051193359	0.90389557334	0.894574594227	0.883543126693	0.883827722364	0.704817153338	0.868777370513	0.883635508156
